
0 0 0 1.0 0.9999999999999999 3
0 0 1 0.36111111111111116 0.9999999999999999 2
0 0 2 3.4261628555450226E-4 0.9999999999999999 2
0 0 3 1.2581169435374836E-4 0.9999999999999999 3
0 0 4 0.9824412630568155 0.9999999999999999 2
0 0 5 0.08119768075559913 0.9999999999999999 2
0 0 6 2.8881710228764856E-7 0.9999999999999999 2
0 0 7 1.900111854762469E-5 0.9999999999999901 3
0 0 8 0.03228057725957764 0.9999999999999999 3
0 0 9 7.292820334838556E-4 0.999999995001759 2
0 0 10 0.3500058307834116 0.9999999999999999 3
0 0 11 0.0 0.9999999999945047 2
0 1 0 1.0 0.9996531694016833 2
0 1 1 0.375 0.9999999999999999 2
0 1 2 0.003456790123456791 0.9999999999999999 2
0 1 3 0.8342497871259462 0.9999999999999999 2
0 1 4 1.960329104806336E-7 0.9999999999999999 5
0 1 5 2.197283161740471E-10 0.9999999999999999 3
0 1 6 0.0025250565363563833 0.9999999999999999 2
0 1 7 0.08337342289847591 0.9999999999999999 2
0 1 8 0.7901029414048029 0.9999999999999999 3
0 1 9 6.983563838788197E-10 0.9999999999999999 3
0 1 10 0.016473285193480396 0.9999999999999999 2
0 1 11 0.0 0.9999999999999999 2
0 2 0 1.0 0.9999999999988224 2
0 2 1 0.9444393639181019 0.9999999999999999 3
0 2 2 0.9998223821352928 0.9999999999999999 2
0 2 3 0.9835390946502057 0.9999999999999999 3
0 2 4 0.4073026607531849 0.9999999999999999 2
0 2 5 0.7332354994602077 0.9999999999999999 3
0 2 6 2.0238105888645052E-4 0.9999999999999999 3
0 2 7 0.6195901512276498 0.9999999999999999 2
0 2 8 1.693509139243515E-5 0.9999999999999999 4
0 2 9 0.18631167648781585 0.9999999999999999 2
0 2 10 0.9871885853851382 0.9999999999999999 3
0 2 11 0.0 0.9999999999999999 2
0 3 0 1.0 0.9999999999999999 2
0 3 1 0.9782054328913895 0.9999999999999999 2
0 3 2 0.976588934613626 0.9999999999999999 2
0 3 3 0.09876543209876545 0.9999999999999999 2
0 3 4 3.468305983166525E-5 0.9999999999999999 4
0 3 5 0.9999266146194967 0.9999999999999999 3
0 3 6 1.1877172080611209E-7 0.9999999999999999 2
0 3 7 0.7975918409438149 0.9999999999999999 2
0 3 8 0.12536955646242942 0.9999999999999999 2
0 3 9 0.002312204069272644 0.9999999999999999 3
0 3 10 0.44142031049135777 0.9999999999999999 2
0 3 11 0.0 0.9999999999999997 3
0 4 0 1.0 0.9999999999999999 3
0 4 1 0.6288088878152832 0.9999999999999999 4
0 4 2 0.09734835749742701 0.9999999999999999 5
0 4 3 0.6246913580246913 0.9999999999999999 3
0 4 4 0.11796982167352542 0.9999999999999999 3
0 4 5 0.29549893591198273 0.9999999999999999 3
0 4 6 0.009882062794051145 0.9999999999999999 3
0 4 7 1.7280596551212348E-7 0.9999999999999999 3
0 4 8 0.010973936906975373 0.9999999999999999 3
0 4 9 0.49382716049423847 0.9999999999999999 4
0 4 10 0.06982434614328872 0.9999999999999999 2
0 4 11 0.0 0.9999999999999999 2
0 5 0 1.0 0.9999999999999999 3
0 5 1 0.8385959621516738 0.9999999999999999 3
0 5 2 0.9999999989558033 0.9999999999999999 2
0 5 3 0.9998848773099119 0.9999999999999999 2
0 5 4 0.9092821216278006 0.9999999999999999 3
0 5 5 0.043964872864532475 0.9999999999999999 6
0 5 6 0.006775283755334554 0.9999999999999999 4
0 5 7 0.23636038619526906 0.9999999999999999 2
0 5 8 3.838619903244195E-6 0.9999999999999999 3
0 5 9 0.0012830251160702564 0.9999999999999999 4
0 5 10 0.9990895696794193 0.9999999999999999 2
0 5 11 0.0 0.9999999999999999 3
0 6 0 1.0 0.9999999999999999 3
0 6 1 0.5890286370214599 0.9999999999999999 3
0 6 2 0.15006065619474324 0.9999999999999999 3
0 6 3 0.9997434056162721 0.9999999999999999 2
0 6 4 0.9996682729911065 0.9999999999999999 3
0 6 5 0.9166666666666667 0.9999999999999999 2
0 6 6 0.5208333333333333 0.9999999999999999 4
0 6 7 0.0018289894833104711 0.9999999999999999 2
0 6 8 1.0851415530362075E-4 0.9999999999999999 3
0 6 9 2.088075664382342E-8 0.9999999999999999 3
0 6 10 9.69395995268129E-7 0.9999999999999999 2
0 6 11 0.0 0.9999999999999999 3
0 7 0 1.0 0.9999999999999999 2
0 7 1 0.3284037828900759 0.9999999999999999 2
0 7 2 0.9999399423217304 0.9999999999999999 4
0 7 3 0.9999974361340792 0.9999999999999999 2
0 7 4 0.3773253995803767 0.9999999999999999 3
0 7 5 1.3717421124828536E-5 0.9999999999999999 2
0 7 6 0.1092394452065234 0.9999999999999999 3
0 7 7 0.030060966316110355 0.9999999999999999 2
0 7 8 0.9937101829428541 0.9999999999999999 4
0 7 9 0.010489544495444845 0.9999999999999999 2
0 7 10 0.3130832664902957 0.9999999999999999 2
0 7 11 0.0 0.9999999999999999 3
0 8 0 1.0 0.9999999999999999 2
0 8 1 0.999916586074531 0.9999999999999999 3
0 8 2 0.22551258122861928 0.9999999999999999 3
0 8 3 0.999999999999507 0.9999999999999999 3
0 8 4 0.9999999972265065 0.9999999999999999 2
0 8 5 0.004049548863490876 0.9999999999999999 2
0 8 6 0.9995034232688711 0.9999999999999999 2
0 8 7 0.004255097618236708 0.9999999999999999 5
0 8 8 0.6406035665294925 0.9999999999999999 4
0 8 9 0.020118884316415182 0.9999999999999999 3
0 8 10 2.408545821643417E-7 0.9999999999999999 3
0 8 11 0.0 0.9999999999999999 4
0 9 0 1.0 0.9999999999999999 2
0 9 1 0.9916546364205509 0.9999999999999999 2
0 9 2 0.8452800218460975 0.9999999999999999 2
0 9 3 0.9995701803271915 0.9999999999999999 3
0 9 4 0.6008079281481102 0.9999999999999999 3
0 9 5 0.48365188232468015 0.9999999999999999 4
0 9 6 0.7558296232575165 0.9999999999999999 3
0 9 7 0.6674126827656629 0.9999999999999999 4
0 9 8 0.12345679012345678 0.9999999999999999 3
0 9 9 0.9617283950617284 0.9999999999999999 2
0 9 10 0.9999224683923897 0.9999999999999999 2
0 9 11 0.0 0.9999999999999999 3
0 10 0 1.0 0.9999999999999999 2
0 10 1 0.7452239398978938 0.9999999999999999 2
0 10 2 0.9971095337107706 0.9999999999999999 2
0 10 3 0.29872885215007794 0.9999999999999999 2
0 10 4 0.9680916454926637 0.9999999999999999 3
0 10 5 0.4872963320480442 0.9999999999999999 3
0 10 6 0.9963420140938014 0.9999999999999999 2
0 10 7 0.999280575903107 0.9999999999999999 2
0 10 8 0.9973966129731461 0.9999999999999999 2
0 10 9 0.9739877051262511 0.9999999999999999 3
0 10 10 0.125 0.9999999999999999 2
0 10 11 0.0 0.9999999999999999 3
0 11 0 1.0 0.9999999999999999 3
0 11 1 0.026826498805119135 0.9999999999999999 2
0 11 2 0.4316828378281333 0.9999999999999999 2
0 11 3 0.3883378333515868 0.9999999999999999 2
0 11 4 0.3404789881243898 0.9999999999999999 5
0 11 5 0.7916064268733576 0.9999999999999999 4
0 11 6 0.9999922518565862 0.9999999999999999 4
0 11 7 0.9996911351480212 0.9999999999999999 2
0 11 8 0.004798707841873242 0.9999999999999999 2
0 11 9 0.010595703356946557 0.9999999999999999 2
0 11 10 0.8674998729868414 0.9999999999999999 3
0 11 11 0.0 0.9999999999999999 2
1 0 0 1.0 0.9999999999999999 3
1 0 1 0.9836821020583658 0.9999999999999999 2
1 0 2 1.2593012630034427E-4 0.9999999999999999 2
1 0 3 3.4454722303935414E-7 0.9999999999999999 3
1 0 4 0.6319809600668127 0.9999999999999999 2
1 0 5 0.5766522002961612 0.9999999999999999 2
1 0 6 0.0022457422102476494 0.9999999999999999 2
1 0 7 0.34038330332968647 0.999999999999993 3
1 0 8 6.281257803633758E-8 0.9999999999999999 3
1 0 9 0.03886498977599566 0.9999999921192094 2
1 0 10 0.6713448398738479 0.9999999999999981 3
1 0 11 0.0 0.9999999999955841 2
1 1 0 1.0 0.9993063388033667 2
1 1 1 0.33333333333333337 0.9999999999999999 2
1 1 2 1.1227986447562404E-5 0.9999999999999999 2
1 1 3 0.06265731598929453 0.9999999999999999 2
1 1 4 0.999789499867445 0.9999999999999999 5
1 1 5 3.2121373183887746E-8 0.9999999999999999 3
1 1 6 0.5196159957769986 0.9999999999999999 2
1 1 7 0.6142857629667346 0.9999999999999999 2
1 1 8 5.3524372312604945E-5 0.9999999999999999 3
1 1 9 0.0557149707793909 0.9999999999999999 3
1 1 10 0.3388493586362667 0.9999999999999999 2
1 1 11 0.0 0.9999999999999999 2
1 2 0 1.0 0.9999999999973505 2
1 2 1 0.326296999769674 0.9999999999999999 3
1 2 2 0.03950617283950617 0.9999999999999999 2
1 2 3 0.9070602381073346 0.9999999999999999 3
1 2 4 0.22008840115835998 0.9999999999999999 2
1 2 5 1.345222701328758E-6 0.9999999999999999 3
1 2 6 0.11741871278311723 0.9999999999999999 3
1 2 7 0.005808735246552789 0.9999999999999999 2
1 2 8 0.7780476373722526 0.9999999999999999 4
1 2 9 0.004835405412937886 0.9999999999999999 2
1 2 10 0.3366228171028264 0.9999999999999999 3
1 2 11 0.0 0.9999999999999999 2
1 3 0 1.0 0.9999999999999999 2
1 3 1 0.25008580554166515 0.9999999999999999 2
1 3 2 0.8683127572016461 0.9999999999999999 2
1 3 3 0.8333333333333334 0.9999999999999999 2
1 3 4 0.5278165349690631 0.9999999999999999 4
1 3 5 3.3303349632600354E-5 0.9999999999999999 3
1 3 6 1.6524093178246635E-6 0.9999999999999999 2
1 3 7 8.594955530096706E-7 0.9999999999999999 2
1 3 8 7.152727196896754E-9 0.9999999999999999 2
1 3 9 0.002982879528520304 0.9999999999999999 3
1 3 10 2.1818720229303817E-4 0.9999999999999999 2
1 3 11 0.0 0.9999999999999997 3
1 4 0 1.0 0.9999999999999999 3
1 4 1 0.999999990432175 0.9999999999999999 4
1 4 2 0.01473032631018702 0.9999999999999999 5
1 4 3 0.9377466172162102 0.9999999999999999 3
1 4 4 0.38888888888888895 0.9999999999999999 3
1 4 5 0.7213585327439923 0.9999999999999999 3
1 4 6 2.2026024889285954E-7 0.9999999999999999 3
1 4 7 5.1541886862266735E-9 0.9999999999999999 3
1 4 8 3.626272746642623E-4 0.9999999999999999 3
1 4 9 3.3662051377908827E-7 0.9999999999999999 4
1 4 10 0.02741239684938271 0.9999999999999999 2
1 4 11 0.0 0.9999999999999999 2
1 5 0 1.0 0.9999999999999999 3
1 5 1 0.971574487409338 0.9999999999999999 3
1 5 2 0.9983371601479253 0.9999999999999999 2
1 5 3 0.3647780861968408 0.9999999999999999 2
1 5 4 0.9961463266853705 0.9999999999999999 3
1 5 5 0.5355902777777778 0.9999999999999999 6
1 5 6 0.9335557474865507 0.9999999999999999 4
1 5 7 0.9997599312404565 0.9999999999999999 2
1 5 8 0.929427890772533 0.9999999999999999 3
1 5 9 0.6396797058615591 0.9999999999999999 4
1 5 10 0.41728395062170853 0.9999999999999999 2
1 5 11 0.0 0.9999999999999999 3
1 6 0 1.0 0.9999999999999999 3
1 6 1 0.9999799280061538 0.9999999999999999 3
1 6 2 0.9999999988710963 0.9999999999999999 3
1 6 3 0.9999991298360538 0.9999999999999999 2
1 6 4 0.005017900805963826 0.9999999999999999 3
1 6 5 0.08410493827160495 0.9999999999999999 2
1 6 6 0.5 0.9999999999999999 4
1 6 7 0.8634252908601331 0.9999999999999999 2
1 6 8 3.6869562446770823E-6 0.9999999999999999 3
1 6 9 0.005525572195310574 0.9999999999999999 3
1 6 10 0.5061728395062229 0.9999999999999999 2
1 6 11 0.0 0.9999999999999999 3
1 7 0 1.0 0.9999999999999999 2
1 7 1 0.44207233659479594 0.9999999999999999 2
1 7 2 0.0026308189815826893 0.9999999999999999 4
1 7 3 0.9999743897142317 0.9999999999999999 2
1 7 4 0.8499999121698836 0.9999999999999999 3
1 7 5 1.4267811478602517E-4 0.9999999999999999 2
1 7 6 0.6230452674897119 0.9999999999999999 3
1 7 7 0.05950312452370067 0.9999999999999999 2
1 7 8 0.005031184605210695 0.9999999999999999 4
1 7 9 0.9761431462478314 0.9999999999999999 2
1 7 10 0.999836926388542 0.9999999999999999 2
1 7 11 0.0 0.9999999999999999 3
1 8 0 1.0 0.9999999999999999 2
1 8 1 0.3278835511091144 0.9999999999999999 3
1 8 2 0.999999997188699 0.9999999999999999 3
1 8 3 0.9999999846863381 0.9999999999999999 3
1 8 4 0.07764547450224618 0.9999999999999999 2
1 8 5 0.9999399187119574 0.9999999999999999 2
1 8 6 0.999274091050977 0.9999999999999999 2
1 8 7 0.7111111111111111 0.9999999999999999 5
1 8 8 0.4228395061728396 0.9999999999999999 4
1 8 9 0.7509626342968144 0.9999999999999999 3
1 8 10 5.784402867898708E-5 0.9999999999999999 3
1 8 11 0.0 0.9999999999999999 4
1 9 0 1.0 0.9999999999999999 2
1 9 1 0.7456261312458176 0.9999999999999999 2
1 9 2 0.9405724847225622 0.9999999999999999 2
1 9 3 0.9856541357321357 0.9999999999999999 3
1 9 4 0.9999999783426192 0.9999999999999999 3
1 9 5 0.49271863259775395 0.9999999999999999 4
1 9 6 0.9971549990029848 0.9999999999999999 3
1 9 7 0.05597167784277923 0.9999999999999999 4
1 9 8 0.8906264288980338 0.9999999999999999 3
1 9 9 0.6271604938271604 0.9999999999999999 2
1 9 10 2.874396248051815E-5 0.9999999999999999 2
1 9 11 0.0 0.9999999999999999 3
1 10 0 1.0 0.9999999999999999 2
1 10 1 0.9963375710229365 0.9999999999999999 2
1 10 2 0.7843158547430453 0.9999999999999999 2
1 10 3 0.7736057146471655 0.9999999999999999 2
1 10 4 0.1317200389722098 0.9999999999999999 3
1 10 5 0.9999826172077716 0.9999999999999999 3
1 10 6 0.9990365699607764 0.9999999999999999 2
1 10 7 1.1837232808506474E-5 0.9999999999999999 2
1 10 8 0.9993451570345496 0.9999999999999999 2
1 10 9 0.3662551440329218 0.9999999999999999 3
1 10 10 0.8271604938271605 0.9999999999999999 2
1 10 11 0.0 0.9999999999999999 3
1 11 0 1.0 0.9999999999999999 3
1 11 1 0.9950429683398275 0.9999999999999999 2
1 11 2 0.9677412071588546 0.9999999999999999 2
1 11 3 0.7543087861893888 0.9999999999999999 2
1 11 4 0.3302201353393589 0.9999999999999999 5
1 11 5 0.8888888882369994 0.9999999999999999 4
1 11 6 0.7815822747363571 0.9999999999999999 4
1 11 7 0.9999968997574877 0.9999999999999999 2
1 11 8 0.9657673736403756 0.9999999999999999 2
1 11 9 0.9915837905807041 0.9999999999999999 2
1 11 10 0.2684211417636201 0.9999999999999999 3
1 11 11 0.0 0.9999999999999999 2
2 0 0 1.0 0.9999999999999999 3
2 0 1 0.03333333333333334 0.9999999999999999 2
2 0 2 0.9730827658936747 0.9999999999999999 2
2 0 3 0.0019782681505678386 0.9999999999999999 3
2 0 4 3.67580746933837E-11 0.9999999999999999 2
2 0 5 0.9971414550376653 0.9999999999999999 2
2 0 6 2.0466500586000026E-4 0.9999999999999999 2
2 0 7 0.027183298638231386 0.9999999999999971 3
2 0 8 0.026852455590486407 0.9999999999999999 3
2 0 9 0.03086420167872661 0.9999999910535261 2
2 0 10 0.021086108842064383 0.9999999999999846 3
2 0 11 0.0 0.9999999999910946 2
2 1 0 1.0 0.9990245389422344 2
2 1 1 0.27083333333333326 0.9999999999999999 2
2 1 2 0.10190265711527711 0.9999999999999999 2
2 1 3 1.035381639171013E-4 0.9999999999999999 2
2 1 4 5.137447938621005E-6 0.9999999999999999 5
2 1 5 0.3259260561756842 0.9999999999999999 3
2 1 6 6.750633771919234E-4 0.9999999999999999 2
2 1 7 0.0029280698219373907 0.9999999999999999 2
2 1 8 0.46176967632313903 0.9999999999999999 3
2 1 9 0.036469441052063734 0.9999999999999999 3
2 1 10 5.179048294556671E-4 0.9999999999999999 2
2 1 11 0.0 0.9999999999999999 2
2 2 0 1.0 0.9999999999968597 2
2 2 1 0.4529876861189962 0.9999999999999999 3
2 2 2 0.8511659807956103 0.9999999999999999 2
2 2 3 0.11761418482954833 0.9999999999999999 3
2 2 4 0.8606310013717422 0.9999999999999999 2
2 2 5 2.3375118913754715E-7 0.9999999999999999 3
2 2 6 0.022887652566469435 0.9999999999999999 3
2 2 7 3.1230590094118033E-10 0.9999999999999999 2
2 2 8 2.8545728256833078E-5 0.9999999999999999 4
2 2 9 0.010436711037006427 0.9999999999999999 2
2 2 10 0.035258989780163855 0.9999999999999999 3
2 2 11 0.0 0.9999999999999999 2
2 3 0 1.0 0.9999999999999999 2
2 3 1 0.9999708116581227 0.9999999999999999 2
2 3 2 0.9685925925925926 0.9999999999999999 2
2 3 3 0.4722222222222222 0.9999999999999999 2
2 3 4 0.9346681945879223 0.9999999999999999 4
2 3 5 8.992499818539387E-5 0.9999999999999999 3
2 3 6 3.219164557994179E-5 0.9999999999999999 2
2 3 7 0.029845863523952278 0.9999999999999999 2
2 3 8 0.29738860945994006 0.9999999999999999 2
2 3 9 0.0046985727149351005 0.9999999999999999 3
2 3 10 5.114976905203745E-5 0.9999999999999999 2
2 3 11 0.0 0.9999999999999992 3
2 4 0 1.0 0.9999999999999999 3
2 4 1 0.16185404167802708 0.9999999999999999 4
2 4 2 0.999538983493118 0.9999999999999999 5
2 4 3 0.9051364121322969 0.9999999999999999 3
2 4 4 0.5450007620789514 0.9999999999999999 3
2 4 5 0.0027689356408819163 0.9999999999999999 3
2 4 6 0.9814805499354992 0.9999999999999999 3
2 4 7 5.7991925502189895E-5 0.9999999999999999 3
2 4 8 0.9999998191614486 0.9999999999999999 3
2 4 9 0.030005525866548005 0.9999999999999999 4
2 4 10 0.4043108322550875 0.9999999999999999 2
2 4 11 0.0 0.9999999999999999 2
2 5 0 1.0 0.9999999999999999 3
2 5 1 0.4663259030872456 0.9999999999999999 3
2 5 2 0.9998602859030877 0.9999999999999999 2
2 5 3 0.9999322038953907 0.9999999999999999 2
2 5 4 0.9774398351967389 0.9999999999999999 3
2 5 5 0.1726800891103411 0.9999999999999999 6
2 5 6 4.286040741639765E-5 0.9999999999999999 4
2 5 7 8.329209293441787E-6 0.9999999999999999 2
2 5 8 9.731459800402318E-5 0.9999999999999999 3
2 5 9 9.144904623151247E-10 0.9999999999999999 4
2 5 10 2.2068163430533963E-13 0.9999999999999999 2
2 5 11 0.0 0.9999999999999999 3
2 6 0 1.0 0.9999999999999999 3
2 6 1 0.9950617274212942 0.9999999999999999 3
2 6 2 0.9824103669435692 0.9999999999999999 3
2 6 3 0.9999981218542036 0.9999999999999999 2
2 6 4 0.6931304260472398 0.9999999999999999 3
2 6 5 0.9876543209876544 0.9999999999999999 2
2 6 6 0.4938271604938272 0.9999999999999999 4
2 6 7 3.85367331462947E-4 0.9999999999999999 2
2 6 8 0.9995376235557025 0.9999999999999999 3
2 6 9 0.3815147318661185 0.9999999999999999 3
2 6 10 0.06667759588066935 0.9999999999999999 2
2 6 11 0.0 0.9999999999999999 3
2 7 0 1.0 0.9999999999999999 2
2 7 1 0.0823593063811722 0.9999999999999999 2
2 7 2 0.8557130500702509 0.9999999999999999 4
2 7 3 0.09904756370262835 0.9999999999999999 2
2 7 4 0.9999981665681462 0.9999999999999999 3
2 7 5 0.8383509229197239 0.9999999999999999 2
2 7 6 0.4024691358024692 0.9999999999999999 3
2 7 7 0.6241426611796982 0.9999999999999999 2
2 7 8 2.854572825651459E-4 0.9999999999999999 4
2 7 9 0.007339220780612108 0.9999999999999999 2
2 7 10 1.6364811663918993E-10 0.9999999999999999 2
2 7 11 0.0 0.9999999999999999 3
2 8 0 1.0 0.9999999999999999 2
2 8 1 0.977941596923112 0.9999999999999999 3
2 8 2 0.9846741242329605 0.9999999999999999 3
2 8 3 0.9412415673912823 0.9999999999999999 3
2 8 4 0.7314742993161041 0.9999999999999999 2
2 8 5 0.9996954792286178 0.9999999999999999 2
2 8 6 0.9998996439240981 0.9999999999999999 2
2 8 7 0.7958333333333334 0.9999999999999999 5
2 8 8 0.4234110653863741 0.9999999999999999 4
2 8 9 0.28692272519433015 0.9999999999999999 3
2 8 10 9.644317070864298E-8 0.9999999999999999 3
2 8 11 0.0 0.9999999999999999 4
2 9 0 1.0 0.9999999999999999 2
2 9 1 0.40069037546538755 0.9999999999999999 2
2 9 2 0.9914254372129181 0.9999999999999999 2
2 9 3 0.2835205210848397 0.9999999999999999 3
2 9 4 0.6617644198290542 0.9999999999999999 3
2 9 5 0.8327009251826852 0.9999999999999999 4
2 9 6 0.9999998734682385 0.9999999999999999 3
2 9 7 6.077689088001874E-5 0.9999999999999999 4
2 9 8 0.29568663313519283 0.9999999999999999 3
2 9 9 0.9667352537722907 0.9999999999999999 2
2 9 10 0.9999871544222846 0.9999999999999999 2
2 9 11 0.0 0.9999999999999999 3
2 10 0 1.0 0.9999999999999999 2
2 10 1 0.9451345982885294 0.9999999999999999 2
2 10 2 0.9999443146089466 0.9999999999999999 2
2 10 3 0.9623812850344544 0.9999999999999999 2
2 10 4 0.5709869139564545 0.9999999999999999 3
2 10 5 0.9999999847209803 0.9999999999999999 3
2 10 6 0.6665125137556478 0.9999999999999999 2
2 10 7 0.9851851712526677 0.9999999999999999 2
2 10 8 0.9988314394333108 0.9999999999999999 2
2 10 9 0.304897627394198 0.9999999999999999 3
2 10 10 0.5 0.9999999999999999 2
2 10 11 0.0 0.9999999999999999 3
2 11 0 1.0 0.9999999999999999 3
2 11 1 0.9820343078193184 0.9999999999999999 2
2 11 2 0.8877553821592997 0.9999999999999999 2
2 11 3 0.8931563838115509 0.9999999999999999 2
2 11 4 0.9934944886632907 0.9999999999999999 5
2 11 5 0.14928558274777426 0.9999999999999999 4
2 11 6 0.9999036532779826 0.9999999999999999 4
2 11 7 0.3308647556775307 0.9999999999999999 2
2 11 8 2.252621332089596E-4 0.9999999999999999 2
2 11 9 0.0012392334985669795 0.9999999999999999 2
2 11 10 0.32438144591779705 0.9999999999999999 3
2 11 11 0.0 0.9999999999999999 2
3 0 0 1.0 0.9999999999999999 3
3 0 1 0.011362170400853525 0.9999999999999999 2
3 0 2 0.0017652768893850093 0.9999999999999999 2
3 0 3 0.9242109361154174 0.9999999999999999 3
3 0 4 0.471122111808844 0.9999999999999999 2
3 0 5 0.043924559444060374 0.9999999999999999 2
3 0 6 4.258830966197096E-6 0.9999999999999999 2
3 0 7 0.22222597804445698 0.9999999999999998 3
3 0 8 0.13790233023385784 0.9999999999999999 3
3 0 9 0.10058089679012974 0.999999992655572 2
3 0 10 0.6666812985978741 0.9999999999999979 3
3 0 11 0.0 0.999999999983514 2
3 1 0 1.0 0.9990245389422344 2
3 1 1 0.04444444444444447 0.9999999999999999 2
3 1 2 0.6652777777777777 0.9999999999999999 2
3 1 3 3.258970642618749E-4 0.9999999999999999 2
3 1 4 4.928922075255485E-9 0.9999999999999999 5
3 1 5 0.0114681242788123 0.9999999999999999 3
3 1 6 0.8888882809271363 0.9999999999999999 2
3 1 7 0.005944474956658468 0.9999999999999999 2
3 1 8 0.815058485087666 0.9999999999999999 3
3 1 9 0.03879498817941611 0.9999999999999999 3
3 1 10 0.10039951990529028 0.9999999999999999 2
3 1 11 0.0 0.9999999999999999 2
3 2 0 1.0 0.999999999995813 2
3 2 1 0.7881378600823046 0.9999999999999999 3
3 2 2 0.14266117969821673 0.9999999999999999 2
3 2 3 0.08641975308641972 0.9999999999999999 3
3 2 4 0.013863589749379516 0.9999999999999999 2
3 2 5 1.2286973495611895E-5 0.9999999999999999 3
3 2 6 9.537909320490938E-6 0.9999999999999999 3
3 2 7 0.028179982861314797 0.9999999999999999 2
3 2 8 0.5480296477800097 0.9999999999999999 4
3 2 9 0.5727936751988257 0.9999999999999999 2
3 2 10 0.3482443070180955 0.9999999999999999 3
3 2 11 0.0 0.9999999999999999 2
3 3 0 1.0 0.9999999999999999 2
3 3 1 0.09252438653940587 0.9999999999999999 2
3 3 2 0.20830158004369254 0.9999999999999999 2
3 3 3 0.6111111111111112 0.9999999999999999 2
3 3 4 0.3892272519433013 0.9999999999999999 4
3 3 5 0.06789001295534217 0.9999999999999999 3
3 3 6 0.9233558179970909 0.9999999999999999 2
3 3 7 9.989304241722085E-9 0.9999999999999999 2
3 3 8 1.7234948071857201E-12 0.9999999999999999 2
3 3 9 6.213015593773931E-4 0.9999999999999999 3
3 3 10 0.9279251746308589 0.9999999999999999 2
3 3 11 0.0 0.9999999999999994 3
3 4 0 1.0 0.9999999999999999 3
3 4 1 0.999998718753962 0.9999999999999999 4
3 4 2 0.9998474587646292 0.9999999999999999 5
3 4 3 0.19924554183813442 0.9999999999999999 3
3 4 4 0.05761316872427983 0.9999999999999999 3
3 4 5 0.9911539464295086 0.9999999999999999 3
3 4 6 0.9855827059560306 0.9999999999999999 3
3 4 7 0.9999930165890283 0.9999999999999999 3
3 4 8 5.074788178242568E-11 0.9999999999999999 3
3 4 9 1.1288524035269234E-4 0.9999999999999999 4
3 4 10 6.117455121935143E-4 0.9999999999999999 2
3 4 11 0.0 0.9999999999999999 2
3 5 0 1.0 0.9999999999999999 3
3 5 1 0.9598363317692707 0.9999999999999999 3
3 5 2 2.225298086345254E-4 0.9999999999999999 2
3 5 3 0.9902066381212714 0.9999999999999999 2
3 5 4 0.9866145065962167 0.9999999999999999 3
3 5 5 0.026180832867618416 0.9999999999999999 6
3 5 6 0.016072621419875387 0.9999999999999999 4
3 5 7 7.80435750263069E-4 0.9999999999999999 2
3 5 8 7.387073491710597E-6 0.9999999999999999 3
3 5 9 2.370532676175973E-9 0.9999999999999999 4
3 5 10 3.8380035118483244E-5 0.9999999999999999 2
3 5 11 0.0 0.9999999999999999 3
3 6 0 1.0 0.9999999999999999 3
3 6 1 0.8779698183454666 0.9999999999999999 3
3 6 2 0.9999999999999788 0.9999999999999999 3
3 6 3 0.9999981063575075 0.9999999999999999 2
3 6 4 3.425487390781751E-4 0.9999999999999999 3
3 6 5 0.9834561804602957 0.9999999999999999 2
3 6 6 0.1481481481481482 0.9999999999999999 4
3 6 7 0.009431984378090032 0.9999999999999999 2
3 6 8 0.9984160560344577 0.9999999999999999 3
3 6 9 3.9202475259993726E-7 0.9999999999999999 3
3 6 10 3.1724486533880652E-15 0.9999999999999999 2
3 6 11 0.0 0.9999999999999999 3
3 7 0 1.0 0.9999999999999999 2
3 7 1 0.7951150590697144 0.9999999999999999 2
3 7 2 0.8353909464996226 0.9999999999999999 4
3 7 3 0.9902954149435665 0.9999999999999999 2
3 7 4 0.9999999977998818 0.9999999999999999 3
3 7 5 1.0942529164997263E-5 0.9999999999999999 2
3 7 6 0.14171810699588477 0.9999999999999999 3
3 7 7 0.11111111111111113 0.9999999999999999 2
3 7 8 0.2058992135545005 0.9999999999999999 4
3 7 9 0.8353880241610497 0.9999999999999999 2
3 7 10 0.9999602716274885 0.9999999999999999 2
3 7 11 0.0 0.9999999999999999 3
3 8 0 1.0 0.9999999999999999 2
3 8 1 0.892174889751119 0.9999999999999999 3
3 8 2 0.9956327137770826 0.9999999999999999 3
3 8 3 0.999725920173624 0.9999999999999999 3
3 8 4 0.9999999009754337 0.9999999999999999 2
3 8 5 0.9979539995467743 0.9999999999999999 2
3 8 6 0.16305164954763146 0.9999999999999999 2
3 8 7 0.19240969364426158 0.9999999999999999 5
3 8 8 0.2518518518518519 0.9999999999999999 4
3 8 9 0.9140374942844078 0.9999999999999999 3
3 8 10 1.698216254594518E-6 0.9999999999999999 3
3 8 11 0.0 0.9999999999999999 4
3 9 0 1.0 0.9999999999999999 2
3 9 1 0.39720899766633255 0.9999999999999999 2
3 9 2 0.5681510432459951 0.9999999999999999 2
3 9 3 0.9647734169869328 0.9999999999999999 3
3 9 4 0.9999999574086607 0.9999999999999999 3
3 9 5 0.9999997547526248 0.9999999999999999 4
3 9 6 0.027920509397700154 0.9999999999999999 3
3 9 7 7.850075270541515E-5 0.9999999999999999 4
3 9 8 0.9981502368089779 0.9999999999999999 3
3 9 9 0.7274805669867398 0.9999999999999999 2
3 9 10 0.08662716648421764 0.9999999999999999 2
3 9 11 0.0 0.9999999999999999 3
3 10 0 1.0 0.9999999999999999 2
3 10 1 0.001654209404736347 0.9999999999999999 2
3 10 2 0.9999999998868289 0.9999999999999999 2
3 10 3 0.9730167083061148 0.9999999999999999 2
3 10 4 0.8998544346188994 0.9999999999999999 3
3 10 5 0.9999999999996364 0.9999999999999999 3
3 10 6 0.9993398613744163 0.9999999999999999 2
3 10 7 0.9999364389253832 0.9999999999999999 2
3 10 8 2.0885702230357293E-4 0.9999999999999999 2
3 10 9 0.06381141086216532 0.9999999999999999 3
3 10 10 0.9122085048010974 0.9999999999999999 2
3 10 11 0.0 0.9999999999999999 3
3 11 0 1.0 0.9999999999999999 3
3 11 1 0.7582205183839152 0.9999999999999999 2
3 11 2 0.8825035657603817 0.9999999999999999 2
3 11 3 0.9449278367088954 0.9999999999999999 2
3 11 4 0.9989415647303711 0.9999999999999999 5
3 11 5 0.0986373808700824 0.9999999999999999 4
3 11 6 0.9999999999999999 0.9999999999999999 4
3 11 7 0.0011915069579067467 0.9999999999999999 2
3 11 8 0.005909697400565343 0.9999999999999999 2
3 11 9 0.8312877748415611 0.9999999999999999 2
3 11 10 0.4888888888888888 0.9999999999999999 3
3 11 11 0.0 0.9999999999999999 2
4 0 0 1.0 0.9999999999999999 3
4 0 1 0.12437128486511198 0.9999999999999999 2
4 0 2 1.1153940376400589E-4 0.9999999999999999 2
4 0 3 0.9999337758081447 0.9999999999999999 3
4 0 4 1.85511452629902E-9 0.9999999999999999 2
4 0 5 0.7041327262154278 0.9999999999999999 2
4 0 6 0.6111771353587622 0.9999999999999999 2
4 0 7 1.5683354178189077E-4 0.9999999999999999 3
4 0 8 0.6112564475403026 0.9999999999999999 3
4 0 9 0.979478251299844 0.9999998676625664 2
4 0 10 0.22292293804525404 0.9999999999999989 3
4 0 11 0.0 1.1277324743314408E-4 2
4 1 0 1.0 0.9978052126200274 2
4 1 1 0.42142857142857143 0.9999999999999999 2
4 1 2 0.007225637464930252 0.9999999999999999 2
4 1 3 0.49842753040353527 0.9999999999999999 2
4 1 4 3.9595404881789846E-4 0.9999999999999999 5
4 1 5 2.058192704419974E-13 0.9999999999999999 3
4 1 6 0.02455808736278115 0.9999999999999999 2
4 1 7 0.02472240018158823 0.9999999999999999 2
4 1 8 0.0021172175901475396 0.9999999999999999 3
4 1 9 0.7636183509003533 0.9999999999999999 3
4 1 10 5.3162263674967E-4 0.9999999999999999 2
4 1 11 0.0 0.9999999999999999 2
4 2 0 1.0 0.999999999995813 2
4 2 1 0.39971218713731993 0.9999999999999999 3
4 2 2 0.7311385459533607 0.9999999999999999 2
4 2 3 6.242950769699742E-4 0.9999999999999999 3
4 2 4 0.2719517688699217 0.9999999999999999 2
4 2 5 3.1208387813667264E-5 0.9999999999999999 3
4 2 6 1.1420353719099804E-13 0.9999999999999999 3
4 2 7 0.18519072571177203 0.9999999999999999 2
4 2 8 0.0013909861873292076 0.9999999999999999 4
4 2 9 5.024785986562431E-4 0.9999999999999999 2
4 2 10 7.864492751448696E-4 0.9999999999999999 3
4 2 11 0.0 0.9999999999999999 2
4 3 0 1.0 0.9999999999999999 2
4 3 1 0.004479879266111309 0.9999999999999999 2
4 3 2 0.9927433148740876 0.9999999999999999 2
4 3 3 0.08587105624142662 0.9999999999999999 2
4 3 4 0.8551440329218106 0.9999999999999999 4
4 3 5 5.5786508935588514E-5 0.9999999999999999 3
4 3 6 1.1025870399827928E-6 0.9999999999999999 2
4 3 7 1.6766728157074012E-6 0.9999999999999999 2
4 3 8 1.277188678330857E-4 0.9999999999999999 2
4 3 9 1.305245961542447E-9 0.9999999999999999 3
4 3 10 0.4547015071719584 0.9999999999999999 2
4 3 11 0.0 0.999999999999999 3
4 4 0 1.0 0.9999999999999999 3
4 4 1 0.06233503334898294 0.9999999999999999 4
4 4 2 0.9994276812757831 0.9999999999999999 5
4 4 3 0.5581466239902455 0.9999999999999999 3
4 4 4 0.023957002439279868 0.9999999999999999 3
4 4 5 0.7302732256888974 0.9999999999999999 3
4 4 6 0.9555366009502169 0.9999999999999999 3
4 4 7 1.8606826480168955E-5 0.9999999999999999 3
4 4 8 2.91434044419025E-4 0.9999999999999999 3
4 4 9 5.2928537825019714E-5 0.9999999999999999 4
4 4 10 0.004495952201757764 0.9999999999999999 2
4 4 11 0.0 0.9999999999999999 2
4 5 0 1.0 0.9999999999999999 3
4 5 1 0.44444442804061113 0.9999999999999999 3
4 5 2 0.8118121426872958 0.9999999999999999 2
4 5 3 0.999390058072019 0.9999999999999999 2
4 5 4 0.03444596860234721 0.9999999999999999 3
4 5 5 0.9465020576131687 0.9999999999999999 6
4 5 6 0.9957127884374747 0.9999999999999999 4
4 5 7 0.07003327626099984 0.9999999999999999 2
4 5 8 7.128920521575718E-6 0.9999999999999999 3
4 5 9 1.01204659074797E-9 0.9999999999999999 4
4 5 10 2.3172828457192332E-4 0.9999999999999999 2
4 5 11 0.0 0.9999999999999999 3
4 6 0 1.0 0.9999999999999999 3
4 6 1 0.9997783854783865 0.9999999999999999 3
4 6 2 0.1707560752061304 0.9999999999999999 3
4 6 3 0.9881474376111823 0.9999999999999999 2
4 6 4 0.004906297044088445 0.9999999999999999 3
4 6 5 0.9814814814814815 0.9999999999999999 2
4 6 6 0.23703703703703702 0.9999999999999999 4
4 6 7 0.5613425925925926 0.9999999999999999 2
4 6 8 2.150421909855248E-8 0.9999999999999999 3
4 6 9 0.07500000156167777 0.9999999999999999 3
4 6 10 0.8166666675878115 0.9999999999999999 2
4 6 11 0.0 0.9999999999999999 3
4 7 0 1.0 0.9999999999999999 2
4 7 1 0.8228762501063691 0.9999999999999999 2
4 7 2 0.9963419479396068 0.9999999999999999 4
4 7 3 0.9995427580640147 0.9999999999999999 2
4 7 4 0.9980315033737279 0.9999999999999999 3
4 7 5 0.9995909555075598 0.9999999999999999 2
4 7 6 0.8135802469135802 0.9999999999999999 3
4 7 7 0.971820013886772 0.9999999999999999 2
4 7 8 0.9466152927188113 0.9999999999999999 4
4 7 9 5.916212972721439E-6 0.9999999999999999 2
4 7 10 3.9038808303070544E-4 0.9999999999999999 2
4 7 11 0.0 0.9999999999999999 3
4 8 0 1.0 0.9999999999999999 2
4 8 1 0.9203778311321249 0.9999999999999999 3
4 8 2 0.993083013193864 0.9999999999999999 3
4 8 3 0.9228395049260019 0.9999999999999999 3
4 8 4 0.9822625581475363 0.9999999999999999 2
4 8 5 0.015003869841893239 0.9999999999999999 2
4 8 6 0.9998833360617642 0.9999999999999999 2
4 8 7 0.12872360243187858 0.9999999999999999 5
4 8 8 0.5286458333333334 0.9999999999999999 4
4 8 9 0.5620999085505258 0.9999999999999999 3
4 8 10 0.9916165865627893 0.9999999999999999 3
4 8 11 0.0 0.9999999999999999 4
4 9 0 1.0 0.9999999999999999 2
4 9 1 0.6073009932644075 0.9999999999999999 2
4 9 2 0.20377875152915714 0.9999999999999999 2
4 9 3 0.997340656885458 0.9999999999999999 3
4 9 4 0.6093583295227836 0.9999999999999999 3
4 9 5 0.9435785966870462 0.9999999999999999 4
4 9 6 1.5340405761016853E-4 0.9999999999999999 3
4 9 7 0.9998751124388777 0.9999999999999999 4
4 9 8 0.5555555555555556 0.9999999999999999 3
4 9 9 0.8299039780521261 0.9999999999999999 2
4 9 10 1.2808813288702776E-6 0.9999999999999999 2
4 9 11 0.0 0.9999999999999999 3
4 10 0 1.0 0.9999999999999999 2
4 10 1 0.9857599447702812 0.9999999999999999 2
4 10 2 0.9991152096138195 0.9999999999999999 2
4 10 3 0.6296085662555115 0.9999999999999999 2
4 10 4 0.770061728064396 0.9999999999999999 3
4 10 5 0.9007321155255913 0.9999999999999999 3
4 10 6 0.9999979871765631 0.9999999999999999 2
4 10 7 0.9999999482735877 0.9999999999999999 2
4 10 8 0.004639288901935179 0.9999999999999999 2
4 10 9 0.055555555555555566 0.9999999999999999 3
4 10 10 0.02743484224965706 0.9999999999999999 2
4 10 11 0.0 0.9999999999999999 3
4 11 0 1.0 3.568216032064325E-4 3
4 11 1 0.9901945975985786 0.9999999999999999 2
4 11 2 0.6956392215448409 0.9999999999999999 2
4 11 3 0.8888292065595503 0.9999999999999999 2
4 11 4 0.46139859910102765 0.9999999999999999 5
4 11 5 0.9999998899940826 0.9999999999999999 4
4 11 6 0.999999999999255 0.9999999999999999 4
4 11 7 0.999999365334535 0.9999999999999999 2
4 11 8 0.9999999989323843 0.9999999999999999 2
4 11 9 0.8725925925925926 0.9999999999999999 2
4 11 10 0.06538637402834935 0.9999999999999999 3
4 11 11 0.0 0.9999999999999999 2
5 0 0 1.0 0.9999999999999999 3
5 0 1 0.8518518518518519 0.9999999999999999 2
5 0 2 0.2764315590233325 0.9999999999999999 2
5 0 3 0.9960932033757992 0.9999999999999999 3
5 0 4 0.07195900291292862 0.9999999999999999 2
5 0 5 2.1451588113683094E-6 0.9999999999999999 2
5 0 6 0.0022868620717859615 0.9999999999999997 2
5 0 7 0.001486804287806953 0.9999999999999993 3
5 0 8 0.007214420926796512 0.9999999999999999 3
5 0 9 0.1934156617323764 0.9999998590012124 2
5 0 10 2.1946050226804168E-26 9.634183286573678E-5 3
5 0 11 0.0 0.003853673314629471 2
5 1 0 1.0 0.9978052126200274 2
5 1 1 0.08024691358024691 0.9999999999999999 2
5 1 2 0.5140984606005181 0.9999999999999999 2
5 1 3 2.3005742476361375E-4 0.9999999999999999 2
5 1 4 1.0742976746206075E-5 0.9999999999999999 5
5 1 5 1.214117443598115E-7 0.9999999999999999 3
5 1 6 0.02006759022268173 0.9999999999999999 2
5 1 7 0.03100765843605314 0.9999999999999999 2
5 1 8 0.14825500325640842 0.9999999999999999 3
5 1 9 0.4974877698662203 0.9999999999999999 3
5 1 10 2.7378393230785134E-5 0.9999999999999999 2
5 1 11 0.0 1.524157902758726E-4 2
5 2 0 1.0 0.9999999999937196 2
5 2 1 0.0021582075903063555 0.9999999999999999 3
5 2 2 0.5234567901234568 0.9999999999999999 2
5 2 3 0.31990255425029934 0.9999999999999999 3
5 2 4 0.6690367322054565 0.9999999999999999 2
5 2 5 3.614269005708867E-5 0.9999999999999999 3
5 2 6 0.54413860653726 0.9999999999999999 3
5 2 7 0.0010555345713533265 0.9999999999999999 2
5 2 8 0.03951661668882269 0.9999999999999999 4
5 2 9 5.098429447844002E-4 0.9999999999999999 2
5 2 10 2.079433556774677E-6 0.9999999999999999 3
5 2 11 0.0 0.9999999999999999 2
5 3 0 1.0 0.9999999999999999 2
5 3 1 1.3863906671283519E-5 0.9999999999999999 2
5 3 2 0.7438805060204238 0.9999999999999999 2
5 3 3 0.8 0.9999999999999999 2
5 3 4 0.14999999999999997 0.9999999999999999 4
5 3 5 1.0973936899862826E-4 0.9999999999999999 3
5 3 6 0.9998310589166954 0.9999999999999999 2
5 3 7 6.265983617595554E-4 0.9999999999999999 2
5 3 8 8.129576348881747E-4 0.9999999999999999 2
5 3 9 0.14814815158530104 0.9999999999999999 3
5 3 10 0.2480321005130063 0.9999999999999999 2
5 3 11 0.0 0.9999999999999986 3
5 4 0 1.0 0.9999999999999999 3
5 4 1 0.9999999999617909 0.9999999999999999 4
5 4 2 0.9999963289958518 0.9999999999999999 5
5 4 3 0.9978052126200275 0.9999999999999999 3
5 4 4 0.7076543209876544 0.9999999999999999 3
5 4 5 0.04145709495503733 0.9999999999999999 3
5 4 6 0.9998471752162689 0.9999999999999999 3
5 4 7 0.04905237792666915 0.9999999999999999 3
5 4 8 0.9907940026983252 0.9999999999999999 3
5 4 9 0.2716930008947962 0.9999999999999999 4
5 4 10 0.6519334375154819 0.9999999999999999 2
5 4 11 0.0 0.9999999999999999 2
5 5 0 1.0 0.9999999999999999 3
5 5 1 0.9999937103490716 0.9999999999999999 3
5 5 2 8.3868563310999E-4 0.9999999999999999 2
5 5 3 0.9999786012762996 0.9999999999999999 2
5 5 4 0.9911742158789129 0.9999999999999999 3
5 5 5 0.10512117055326933 0.9999999999999999 6
5 5 6 0.006806290417401524 0.9999999999999999 4
5 5 7 4.4173059662314356E-4 0.9999999999999999 2
5 5 8 1.837126724016022E-8 0.9999999999999999 3
5 5 9 9.945304575301977E-8 0.9999999999999999 4
5 5 10 0.021948293010061383 0.9999999999999999 2
5 5 11 0.0 0.9999999999999999 3
5 6 0 1.0 0.9999999999999999 3
5 6 1 0.8222221218593557 0.9999999999999999 3
5 6 2 0.46127370215013486 0.9999999999999999 3
5 6 3 0.8702242174643458 0.9999999999999999 2
5 6 4 0.9991192081738351 0.9999999999999999 3
5 6 5 0.2592592592592592 0.9999999999999999 2
5 6 6 0.5833333333333334 0.9999999999999999 4
5 6 7 1.8733134168337707E-4 0.9999999999999999 2
5 6 8 0.004304021205238839 0.9999999999999999 3
5 6 9 1.4868561601698547E-7 0.9999999999999999 3
5 6 10 0.9437622234739514 0.9999999999999999 2
5 6 11 0.0 0.9999999999999999 3
5 7 0 1.0 0.9999999999999999 2
5 7 1 0.9903472007211047 0.9999999999999999 2
5 7 2 0.9985548725069905 0.9999999999999999 4
5 7 3 0.5580579322843598 0.9999999999999999 2
5 7 4 0.9999999673218966 0.9999999999999999 3
5 7 5 0.9609194708482535 0.9999999999999999 2
5 7 6 0.328125 0.9999999999999999 3
5 7 7 0.7830146714310714 0.9999999999999999 2
5 7 8 0.2635777066504089 0.9999999999999999 4
5 7 9 1.2986808964510478E-7 0.9999999999999999 2
5 7 10 0.14814675803276095 0.9999999999999999 2
5 7 11 0.0 0.9999999999999999 3
5 8 0 1.0 0.9999999999999999 2
5 8 1 0.4330944315055596 0.9999999999999999 3
5 8 2 0.9999980396814714 0.9999999999999999 3
5 8 3 0.9893126663318706 0.9999999999999999 3
5 8 4 0.9989075873532312 0.9999999999999999 2
5 8 5 0.999999989557678 0.9999999999999999 2
5 8 6 0.9999100050079474 0.9999999999999999 2
5 8 7 0.9841975308641976 0.9999999999999999 5
5 8 8 0.8853833257125439 0.9999999999999999 4
5 8 9 0.0026959111086145996 0.9999999999999999 3
5 8 10 0.028964529915668037 0.9999999999999999 3
5 8 11 0.0 0.9999999999999999 4
5 9 0 1.0 0.9999999999999999 2
5 9 1 0.3514083533481288 0.9999999999999999 2
5 9 2 0.9276282627035048 0.9999999999999999 2
5 9 3 0.975048726365699 0.9999999999999999 3
5 9 4 0.9999999849359231 0.9999999999999999 3
5 9 5 0.3741859965259767 0.9999999999999999 4
5 9 6 0.9999998586478145 0.9999999999999999 3
5 9 7 0.9998215891983968 0.9999999999999999 4
5 9 8 0.4322511812223747 0.9999999999999999 3
5 9 9 0.0740740740740741 0.9999999999999999 2
5 9 10 0.11518494056725015 0.9999999999999999 2
5 9 11 0.0 0.9999999999999999 3
5 10 0 1.0 2.85457282565146E-4 2
5 10 1 0.9882673880852059 0.9999999999999999 2
5 10 2 0.9983914061064785 0.9999999999999999 2
5 10 3 0.8435664811985321 0.9999999999999999 2
5 10 4 0.5468275598264275 0.9999999999999999 3
5 10 5 0.9999999494536319 0.9999999999999999 3
5 10 6 0.8592592174125288 0.9999999999999999 2
5 10 7 0.9999961881018061 0.9999999999999999 2
5 10 8 0.9997335106800482 0.9999999999999999 2
5 10 9 0.4031997492283951 0.9999999999999999 3
5 10 10 0.9259259259259259 0.9999999999999999 2
5 10 11 0.0 0.9999999999999999 3
5 11 0 1.0 0.0073159579332418845 2
5 11 1 0.9999999999999999 1.1431184270690447E-4 3
5 11 2 0.9737787776672925 0.9999999999999999 2
5 11 3 0.9770588115880882 0.9999999999999999 2
5 11 4 0.6428920031496849 0.9999999999999999 5
5 11 5 5.576923476836055E-4 0.9999999999999999 4
5 11 6 0.9997187993999236 0.9999999999999999 4
5 11 7 0.9999995770934513 0.9999999999999999 2
5 11 8 0.9825495255942095 0.9999999999999999 2
5 11 9 0.9788627927043686 0.9999999999999999 2
5 11 10 0.1244444444444444 0.9999999999999999 3
5 11 11 0.0 0.9999999999999999 2
6 0 0 1.0 0.9999999999999999 3
6 0 1 0.08486511202560584 0.9999999999999999 2
6 0 2 0.0016003269368761869 0.9999999999999999 2
6 0 3 0.002484916454805361 0.9999999999999999 3
6 0 4 0.04199905578982853 0.9999999999999999 2
6 0 5 1.488006624383599E-4 0.9999999999999999 2
6 0 6 8.325384869554743E-6 0.9999999999999997 2
6 0 7 0.5236206883465963 0.9999999999999999 3
6 0 8 0.02469216152840992 0.9999999999999999 3
6 0 9 3.2249384419648016E-31 3.8897779809988315E-5 3
6 0 10 0.5402032303195008 0.006503073718437231 2
6 0 11 0.0 0.013006147436874463 2
6 1 0 1.0 0.9978052126200274 2
6 1 1 0.16049382716049382 0.9999999999999999 2
6 1 2 0.016257684296093068 0.9999999999999999 2
6 1 3 4.895284031643802E-5 0.9999999999999999 2
6 1 4 0.3435583209074934 0.9999999999999999 5
6 1 5 0.37307573165099006 0.9999999999999999 3
6 1 6 0.4258590504032967 0.9999999999999999 2
6 1 7 0.18256770997664012 0.9999999999999999 2
6 1 8 0.017200534643499667 0.9999999999999999 3
6 1 9 0.004916245077684754 0.9999999999999999 3
6 1 10 4.225916729538967E-80 8.779149519890265E-5 2
6 1 11 0.0 0.021947873799725653 2
6 2 0 1.0 0.9999999999937196 2
6 2 1 0.9998540996111334 0.9999999999999999 3
6 2 2 0.4814814814814815 0.9999999999999999 2
6 2 3 0.22908093278463643 0.9999999999999999 3
6 2 4 1.2544509487726145E-5 0.9999999999999999 2
6 2 5 1.3940257800605311E-8 0.9999999999999999 3
6 2 6 4.427207885919934E-4 0.9999999999999999 3
6 2 7 0.37502676347336994 0.9999999999999999 2
6 2 8 0.35723835282064353 0.9999999999999999 4
6 2 9 1.3155026934568906E-4 0.9999999999999999 2
6 2 10 2.941047853317493E-5 0.9999999999999999 3
6 2 11 0.0 1.286008230452675E-4 2
6 3 0 1.0 0.9999999999999999 2
6 3 1 0.9999999044574873 0.9999999999999999 2
6 3 2 0.9993577211142284 0.9999999999999999 2
6 3 3 0.03703703703703705 0.9999999999999999 2
6 3 4 7.803688462124675E-4 0.9999999999999999 4
6 3 5 0.9612131331287407 0.9999999999999999 3
6 3 6 2.9956084455735425E-7 0.9999999999999999 2
6 3 7 0.19932938336880884 0.9999999999999999 2
6 3 8 1.625768445662321E-4 0.9999999999999999 2
6 3 9 0.03251551992876257 0.9999999999999999 3
6 3 10 0.011383086442143118 0.9999999999999999 2
6 3 11 0.0 0.9999999999999986 3
6 4 0 1.0 0.9999999999999999 3
6 4 1 2.0362546713625966E-4 0.9999999999999999 4
6 4 2 0.999990696903218 0.9999999999999999 5
6 4 3 0.794047619047619 0.9999999999999999 3
6 4 4 0.48958333333333337 0.9999999999999999 3
6 4 5 0.01713078215643881 0.9999999999999999 3
6 4 6 0.0028057371946057395 0.9999999999999999 3
6 4 7 2.209312319718999E-5 0.9999999999999999 3
6 4 8 2.4527314750719738E-11 0.9999999999999999 3
6 4 9 2.64955125760661E-10 0.9999999999999999 4
6 4 10 0.4528165463042897 0.9999999999999999 2
6 4 11 0.0 0.9999999999999999 2
6 5 0 1.0 0.9999999999999999 3
6 5 1 0.6307870368214012 0.9999999999999999 3
6 5 2 0.9966051248259951 0.9999999999999999 2
6 5 3 0.6901930425780862 0.9999999999999999 2
6 5 4 0.7776142903378335 0.9999999999999999 3
6 5 5 0.7493369913122999 0.9999999999999999 6
6 5 6 0.5869175925925927 0.9999999999999999 4
6 5 7 0.9910784584637893 0.9999999999999999 2
6 5 8 3.4384528335807763E-4 0.9999999999999999 3
6 5 9 4.953101626986021E-5 0.9999999999999999 4
6 5 10 0.6869632021353761 0.9999999999999999 2
6 5 11 0.0 0.9999999999999999 3
6 6 0 1.0 0.9999999999999999 3
6 6 1 0.9999999804433934 0.9999999999999999 3
6 6 2 0.9999470433171612 0.9999999999999999 3
6 6 3 0.9999999997918216 0.9999999999999999 2
6 6 4 0.9999146471574455 0.9999999999999999 3
6 6 5 0.024422654631464265 0.9999999999999999 2
6 6 6 0.2962962962962964 0.9999999999999999 4
6 6 7 3.6087439178606075E-5 0.9999999999999999 2
6 6 8 0.3174320810924741 0.9999999999999999 3
6 6 9 0.007562994840691165 0.9999999999999999 3
6 6 10 3.6992789217990713E-9 0.9999999999999999 2
6 6 11 0.0 0.9999999999999999 3
6 7 0 1.0 0.9999999999999999 2
6 7 1 0.914110921064668 0.9999999999999999 2
6 7 2 0.9999048475724782 0.9999999999999999 4
6 7 3 0.999999807588528 0.9999999999999999 2
6 7 4 0.9999999981455182 0.9999999999999999 3
6 7 5 0.9999303461633471 0.9999999999999999 2
6 7 6 0.6980338363054411 0.9999999999999999 3
6 7 7 0.49382716049382724 0.9999999999999999 2
6 7 8 0.5813834999020184 0.9999999999999999 4
6 7 9 9.490653890515883E-4 0.9999999999999999 2
6 7 10 1.890314087760951E-13 0.9999999999999999 2
6 7 11 0.0 0.9999999999999999 3
6 8 0 1.0 0.9999999999999999 2
6 8 1 0.7157765645684429 0.9999999999999999 3
6 8 2 0.9786663241179153 0.9999999999999999 3
6 8 3 0.9455893382281985 0.9999999999999999 3
6 8 4 0.9999999923479835 0.9999999999999999 2
6 8 5 0.9999988435556201 0.9999999999999999 2
6 8 6 0.9999782327809031 0.9999999999999999 2
6 8 7 0.99519890260631 0.9999999999999999 5
6 8 8 0.044505410760554795 0.9999999999999999 4
6 8 9 0.009212687767786071 0.9999999999999999 3
6 8 10 2.1025739204784856E-5 0.9999999999999999 3
6 8 11 0.0 0.9999999999999999 4
6 9 0 1.0 1.9030485504343062E-4 2
6 9 1 0.6316074794937725 0.9999999999999999 2
6 9 2 0.022793668638404728 0.9999999999999999 2
6 9 3 0.39804817025859507 0.9999999999999999 3
6 9 4 0.8333172763611887 0.9999999999999999 3
6 9 5 0.9999999999994504 0.9999999999999999 4
6 9 6 0.4999999819231902 0.9999999999999999 3
6 9 7 0.999874696391741 0.9999999999999999 4
6 9 8 0.5282350251486054 0.9999999999999999 3
6 9 9 0.375 0.9999999999999999 2
6 9 10 8.708851724988887E-4 0.9999999999999999 2
6 9 11 0.0 0.9999999999999999 3
6 10 0 1.0 0.014631915866483769 2
6 10 1 0.9999999999999999 1.2193263222069813E-4 2
6 10 2 0.8339458171722047 0.9999999999999999 2
6 10 3 0.9998291951697176 0.9999999999999999 2
6 10 4 0.9994219489871364 0.9999999999999999 3
6 10 5 0.9746361086381486 0.9999999999999999 3
6 10 6 0.6666666098302085 0.9999999999999999 2
6 10 7 0.9999999964728316 0.9999999999999999 2
6 10 8 0.9998287256304609 0.9999999999999999 2
6 10 9 0.1130036071737032 0.9999999999999999 3
6 10 10 0.9286694101508917 0.9999999999999999 2
6 10 11 0.0 0.9999999999999999 3
6 11 0 1.0 0.004335382478958155 2
6 11 1 0.6961344816427407 0.006270821085635899 2
6 11 2 0.9999999999999999 5.780509971944207E-5 3
6 11 3 0.9338730386579176 0.9999999999999999 2
6 11 4 0.9960491843713253 0.9999999999999999 5
6 11 5 0.9971823914669439 0.9999999999999999 4
6 11 6 0.9737332543494052 0.9999999999999999 4
6 11 7 0.9999999999995409 0.9999999999999999 2
6 11 8 0.9699006608615005 0.9999999999999999 2
6 11 9 0.9998376065236962 0.9999999999999999 2
6 11 10 0.741037037037037 0.9999999999999999 3
6 11 11 0.0 0.9999999999999999 2
7 0 0 1.0 0.9999999999999999 3
7 0 1 0.012345679012345682 0.9999999999999999 2
7 0 2 1.9803598977956996E-6 0.9999999999999999 2
7 0 3 0.8593128624858194 0.9999999999999999 3
7 0 4 0.9779904070768605 0.9999999999999999 2
7 0 5 0.04382716049399883 0.9999999999999999 2
7 0 6 1.7448658831824873E-4 0.9999999999999999 2
7 0 7 3.239882325361158E-4 0.9999999999999999 3
7 0 8 1.3785382491968596E-43 9.634183286573678E-5 4
7 0 9 0.3246564398848413 0.004335382478958155 2
7 0 10 0.6721300857484936 0.005780509971944207 2
7 0 11 0.0 0.00867076495791631 2
7 1 0 1.0 0.9970736168267031 2
7 1 1 0.5253772290809328 0.9999999999999999 2
7 1 2 0.009711256752866267 0.9999999999999999 2
7 1 3 1.712743695390876E-5 0.9999999999999999 2
7 1 4 1.6391891801355482E-6 0.9999999999999999 5
7 1 5 0.02196167553775835 0.9999999999999999 3
7 1 6 8.492254335647704E-14 0.9999999999999999 2
7 1 7 1.8836582373980936E-5 0.9999999999999999 2
7 1 8 0.020576131711286652 0.9999999999999999 3
7 1 9 1.762052655170709E-116 8.128842148046537E-5 3
7 1 10 0.721879565862739 0.009754610577655847 2
7 1 11 0.0 0.0036579789666209422 2
7 2 0 1.0 0.9999999999905794 2
7 2 1 0.008024691358024694 0.9999999999999999 3
7 2 2 0.30000000000000004 0.9999999999999999 2
7 2 3 0.31489102270995273 0.9999999999999999 3
7 2 4 0.9437103773827512 0.9999999999999999 2
7 2 5 2.2764430104545034E-10 0.9999999999999999 3
7 2 6 0.006262219274310532 0.9999999999999999 3
7 2 7 5.123075904049405E-4 0.9999999999999999 2
7 2 8 0.002821226179436506 0.9999999999999999 4
7 2 9 0.010544219981417881 0.9999999999999999 2
7 2 10 4.9E-324 2.3122039887776813E-4 3
7 2 11 0.0 0.017558299039780526 2
7 3 0 1.0 0.9999999999999999 2
7 3 1 0.9958584586008089 0.9999999999999999 2
7 3 2 0.9980166005107696 0.9999999999999999 2
7 3 3 0.7428571428571428 0.9999999999999999 2
7 3 4 0.13827160493827162 0.9999999999999999 4
7 3 5 1.6915987114971611E-7 0.9999999999999999 3
7 3 6 0.5388876689450288 0.9999999999999999 2
7 3 7 0.4017721399191004 0.9999999999999999 2
7 3 8 0.3510617904213681 0.9999999999999999 2
7 3 9 1.354474466870455E-4 0.9999999999999999 3
7 3 10 4.695771726249861E-10 0.9999999999999999 2
7 3 11 0.0 2.85457282565146E-4 3
7 4 0 1.0 0.9999999999999999 3
7 4 1 0.9998409676408958 0.9999999999999999 4
7 4 2 0.9999875810201592 0.9999999999999999 5
7 4 3 0.6497485139460448 0.9999999999999999 3
7 4 4 0.9604938271604938 0.9999999999999999 3
7 4 5 0.43273891175125734 0.9999999999999999 3
7 4 6 0.9859242599840919 0.9999999999999999 3
7 4 7 6.144749042976778E-6 0.9999999999999999 3
7 4 8 0.0720169308129889 0.9999999999999999 3
7 4 9 0.5676852310989281 0.9999999999999999 4
7 4 10 0.0825157207266077 0.9999999999999999 2
7 4 11 0.0 0.9999999999999999 2
7 5 0 1.0 0.9999999999999999 3
7 5 1 0.9999998811935487 0.9999999999999999 3
7 5 2 0.697770420382603 0.9999999999999999 2
7 5 3 0.2603412232025756 0.9999999999999999 2
7 5 4 0.9992391403749429 0.9999999999999999 3
7 5 5 0.2146601410128312 0.9999999999999999 6
7 5 6 4.079592363973884E-4 0.9999999999999999 4
7 5 7 0.9930117450390902 0.9999999999999999 2
7 5 8 7.818998487712916E-6 0.9999999999999999 3
7 5 9 0.021947874952046705 0.9999999999999999 4
7 5 10 0.07407412898286106 0.9999999999999999 2
7 5 11 0.0 0.9999999999999999 3
7 6 0 1.0 0.9999999999999999 3
7 6 1 0.766803560301587 0.9999999999999999 3
7 6 2 0.9999999999999999 0.9999999999999999 3
7 6 3 0.9999998215822486 0.9999999999999999 2
7 6 4 0.9829294314891023 0.9999999999999999 3
7 6 5 0.7366255144032922 0.9999999999999999 2
7 6 6 0.3895747599451303 0.9999999999999999 4
7 6 7 4.1105848689381027E-4 0.9999999999999999 2
7 6 8 9.132402907064632E-6 0.9999999999999999 3
7 6 9 4.027630823497783E-5 0.9999999999999999 3
7 6 10 3.277474333449996E-5 0.9999999999999999 2
7 6 11 0.0 0.9999999999999999 3
7 7 0 1.0 0.9999999999999999 2
7 7 1 0.9997298038101191 0.9999999999999999 2
7 7 2 0.4763913363917859 0.9999999999999999 4
7 7 3 0.999999881703003 0.9999999999999999 2
7 7 4 0.9998343875766883 0.9999999999999999 3
7 7 5 0.999891303830049 0.9999999999999999 2
7 7 6 0.06579789666209421 0.9999999999999999 3
7 7 7 0.44173483039509565 0.9999999999999999 2
7 7 8 4.96202288705834E-4 0.9999999999999999 4
7 7 9 0.9999605312562599 0.9999999999999999 2
7 7 10 3.6061922051016535E-12 0.9999999999999999 2
7 7 11 0.0 0.9999999999999999 3
7 8 0 1.0 2.537398067245742E-4 2
7 8 1 0.9835358666740573 0.9999999999999999 3
7 8 2 0.38290217811119154 0.9999999999999999 3
7 8 3 0.8659908521254859 0.9999999999999999 3
7 8 4 0.9999993569566464 0.9999999999999999 2
7 8 5 0.9999925160159958 0.9999999999999999 2
7 8 6 0.999787334324489 0.9999999999999999 2
7 8 7 0.9935666666666667 0.9999999999999999 5
7 8 8 0.39551897576588935 0.9999999999999999 4
7 8 9 0.4966216008375449 0.9999999999999999 3
7 8 10 0.9998815038100582 0.9999999999999999 3
7 8 11 0.0 0.9999999999999999 4
7 9 0 1.0 0.06584362139917696 2
7 9 1 0.9999999999999999 4.9327018427257235E-5 2
7 9 2 0.9911436134296622 0.9999999999999999 2
7 9 3 0.7481979629789464 0.9999999999999999 3
7 9 4 0.9932051761345287 0.9999999999999999 3
7 9 5 0.9967939519414536 0.9999999999999999 4
7 9 6 0.997258546721484 0.9999999999999999 3
7 9 7 0.7767954496988637 0.9999999999999999 4
7 9 8 0.9965316940168335 0.9999999999999999 3
7 9 9 0.19012345679012344 0.9999999999999999 2
7 9 10 0.20154448000812886 0.9999999999999999 2
7 9 11 0.0 0.9999999999999999 3
7 10 0 1.0 0.005780509971944207 2
7 10 1 0.34036659637416833 0.0073159579332418845 2
7 10 2 0.9999999999999999 9.754610577655848E-5 2
7 10 3 0.6331853061589815 0.9999999999999999 2
7 10 4 0.9999064216333328 0.9999999999999999 3
7 10 5 0.2548588220053065 0.9999999999999999 3
7 10 6 0.6446808836186046 0.9999999999999999 2
7 10 7 0.2862988290970372 0.9999999999999999 2
7 10 8 0.9999988485224136 0.9999999999999999 2
7 10 9 0.8545953360768176 0.9999999999999999 3
7 10 10 0.33333333333333337 0.9999999999999999 2
7 10 11 0.0 0.9999999999999999 3
7 11 0 1.0 0.021947873799725653 2
7 11 1 0.21305137287015818 0.0030483158055174516 2
7 11 2 0.7001499820154499 0.01646090534979424 2
7 11 3 0.9999999999999999 1.1197894795778393E-4 3
7 11 4 0.727833001686326 0.9999999999999999 5
7 11 5 0.999692614328454 0.9999999999999999 4
7 11 6 0.28217059238438735 0.9999999999999999 4
7 11 7 0.9907401480272692 0.9999999999999999 2
7 11 8 0.19702558073363363 0.9999999999999999 2
7 11 9 0.9998079561042524 0.9999999999999999 2
7 11 10 0.9619341563786009 0.9999999999999999 3
7 11 11 0.0 0.9999999999999999 2
8 0 0 1.0 0.9999999999999999 3
8 0 1 0.013168724279835394 0.9999999999999999 2
8 0 2 4.510929897325759E-5 0.9999999999999999 2
8 0 3 1.1095636230181145E-9 0.9999999999999999 3
8 0 4 0.2206405955409418 0.9999999999999999 2
8 0 5 0.788836363057367 0.9999999999999999 2
8 0 6 0.026643189844852803 0.9999999999999999 2
8 0 7 1.0231585303655135E-54 5.73463290867481E-5 5
8 0 8 0.41991281038918526 0.0048773052888279236 2
8 0 9 0.8048553762652154 0.0032515368592186157 2
8 0 10 0.4398336638620307 0.011851851851851855 2
8 0 11 0.0 0.004335382478958155 2
8 1 0 1.0 0.9956104252400548 2
8 1 1 0.43621399176954734 0.9999999999999999 2
8 1 2 0.8892831628220882 0.9999999999999999 2
8 1 3 2.1462525752535046E-4 0.9999999999999999 2
8 1 4 2.412841320446357E-10 0.9999999999999999 5
8 1 5 4.070532447543445E-14 0.9999999999999999 3
8 1 6 0.0022694030348765553 0.9999999999999999 2
8 1 7 0.16674008881967678 0.9999999999999999 2
8 1 8 4.9E-324 6.242950769699742E-5 4
8 1 9 0.6875257511322526 0.0073159579332418845 2
8 1 10 0.5207716869559509 0.0052024589747497844 2
8 1 11 0.0 0.03292181069958848 2
8 2 0 1.0 0.9999999999905794 2
8 2 1 0.9971940441177854 0.9999999999999999 3
8 2 2 0.04320987654320989 0.9999999999999999 2
8 2 3 0.013888888888888892 0.9999999999999999 3
8 2 4 6.940840963111786E-4 0.9999999999999999 2
8 2 5 0.999996088921234 0.9999999999999999 3
8 2 6 0.5939085797759598 0.9999999999999999 3
8 2 7 1.2042924154436805E-4 0.9999999999999999 2
8 2 8 1.142428016224727E-5 0.9999999999999999 4
8 2 9 4.9E-324 1.2042729108217093E-4 3
8 2 10 0.722959104700453 0.010973936899862827 2
8 2 11 0.0 0.005780509971944207 2
8 3 0 1.0 0.9999999999999999 2
8 3 1 0.9999992079574392 0.9999999999999999 2
8 3 2 0.4720830918201645 0.9999999999999999 2
8 3 3 0.2533333333333333 0.9999999999999999 2
8 3 4 0.027777777777777783 0.9999999999999999 4
8 3 5 0.7266684819036507 0.9999999999999999 3
8 3 6 3.940689537121002E-5 0.9999999999999999 2
8 3 7 0.4279835391624107 0.9999999999999999 2
8 3 8 0.7180117297267367 0.9999999999999999 2
8 3 9 5.114535535220658E-10 0.9999999999999999 3
8 3 10 3.2499665159660467E-157 1.1148126374463822E-4 3
8 3 11 0.0 0.04389574759945131 2
8 4 0 1.0 0.9999999999999999 3
8 4 1 0.9999999999999918 0.9999999999999999 4
8 4 2 0.9999968028784353 0.9999999999999999 5
8 4 3 0.2553726566072245 0.9999999999999999 3
8 4 4 0.914240715338109 0.9999999999999999 3
8 4 5 0.3133058984910837 0.9999999999999999 3
8 4 6 1.294803952010173E-6 0.9999999999999999 3
8 4 7 8.015794244819714E-10 0.9999999999999999 3
8 4 8 0.006515498756442431 0.9999999999999999 3
8 4 9 0.021947878801834214 0.9999999999999999 4
8 4 10 0.001418972199270598 0.9999999999999999 2
8 4 11 0.0 3.2515368592186153E-4 2
8 5 0 1.0 0.9999999999999999 3
8 5 1 0.9999999348647554 0.9999999999999999 3
8 5 2 0.999994465306924 0.9999999999999999 2
8 5 3 0.9846829866553598 0.9999999999999999 2
8 5 4 0.525234848898247 0.9999999999999999 3
8 5 5 0.0043184473911497216 0.9999999999999999 6
8 5 6 0.5193468324799931 0.9999999999999999 4
8 5 7 2.0544420397362045E-6 0.9999999999999999 2
8 5 8 2.3945734075295486E-5 0.9999999999999999 3
8 5 9 2.7514212483698794E-12 0.9999999999999999 4
8 5 10 0.9975906007103544 0.9999999999999999 2
8 5 11 0.0 0.9999999999999999 3
8 6 0 1.0 0.9999999999999999 3
8 6 1 0.9999735133168913 0.9999999999999999 3
8 6 2 0.999720447265387 0.9999999999999999 3
8 6 3 0.9999999900983473 0.9999999999999999 2
8 6 4 0.9999351327799489 0.9999999999999999 3
8 6 5 0.716506630086877 0.9999999999999999 2
8 6 6 0.1712962962962963 0.9999999999999999 4
8 6 7 0.10076970812971123 0.9999999999999999 2
8 6 8 0.0031624998001786612 0.9999999999999999 3
8 6 9 7.236050050495535E-7 0.9999999999999999 3
8 6 10 0.3333333389061856 0.9999999999999999 2
8 6 11 0.0 0.9999999999999999 3
8 7 0 1.0 3.2113944288578926E-4 2
8 7 1 0.7855324547340833 0.9999999999999999 2
8 7 2 0.9570771392105341 0.9999999999999999 4
8 7 3 0.9999999989659846 0.9999999999999999 2
8 7 4 0.9998652856137774 0.9999999999999999 3
8 7 5 0.999987937801459 0.9999999999999999 2
8 7 6 0.7925925925925926 0.9999999999999999 3
8 7 7 0.32025380051595564 0.9999999999999999 2
8 7 8 4.0677662765533284E-4 0.9999999999999999 4
8 7 9 5.154038136354505E-4 0.9999999999999999 2
8 7 10 0.025488784257010504 0.9999999999999999 2
8 7 11 0.0 0.9999999999999999 3
8 8 0 1.0 0.04938271604938272 2
8 8 1 0.9999999999999999 1.2042729108217097E-4 3
8 8 2 0.9996917028414428 0.9999999999999999 3
8 8 3 0.9934156378600824 0.9999999999999999 3
8 8 4 0.807355810411643 0.9999999999999999 2
8 8 5 0.9999999999381076 0.9999999999999999 2
8 8 6 0.9987516860524122 0.9999999999999999 2
8 8 7 0.9999358445525713 0.9999999999999999 5
8 8 8 0.5462277091906722 0.9999999999999999 4
8 8 9 0.7550202813357143 0.9999999999999999 3
8 8 10 1.0991227676056614E-5 0.9999999999999999 3
8 8 11 0.0 0.9999999999999999 4
8 9 0 1.0 0.014631915866483769 2
8 9 1 0.7358861910746513 0.019509221155311694 2
8 9 2 0.9999999999999999 1.6203703703703711E-4 2
8 9 3 0.9395846387336341 0.9999999999999999 3
8 9 4 0.9249750091623485 0.9999999999999999 3
8 9 5 0.9993911649562129 0.9999999999999999 4
8 9 6 0.7309549580569475 0.9999999999999999 3
8 9 7 0.9973252744209694 0.9999999999999999 4
8 9 8 0.4472222222222222 0.9999999999999999 3
8 9 9 0.654320987654321 0.9999999999999999 2
8 9 10 0.013006147436874463 0.9999999999999999 2
8 9 11 0.0 0.9999999999999999 3
8 10 0 1.0 0.024691358024691364 2
8 10 1 0.6058840777690725 0.0020809835898999134 2
8 10 2 0.22802433197643474 0.010973936899862827 2
8 10 3 0.9999999999999999 5.804988662131519E-5 2
8 10 4 0.4714093096999622 0.9999999999999999 3
8 10 5 0.9999832029943705 0.9999999999999999 3
8 10 6 0.8130664040019899 0.9999999999999999 2
8 10 7 0.9612735163230126 0.9999999999999999 2
8 10 8 0.7279079695756617 0.9999999999999999 2
8 10 9 0.6475288884372865 0.9999999999999999 3
8 10 10 0.392318244170096 0.9999999999999999 2
8 10 11 0.0 0.9999999999999999 3
8 11 0 1.0 0.003853673314629471 2
8 11 1 0.6379793415132006 0.004335382478958155 2
8 11 2 0.5401300523531537 0.00411522633744856 2
8 11 3 0.31177391773096663 0.014631915866483769 2
8 11 4 0.9999999999999999 1.1274747069087362E-4 6
8 11 5 0.9659800026735248 0.9999999999999999 4
8 11 6 0.9601234845905172 0.9999999999999999 4
8 11 7 0.15356737624684186 0.9999999999999999 2
8 11 8 0.5555555305831363 0.9999999999999999 2
8 11 9 0.9917245221526826 0.9999999999999999 2
8 11 10 0.040547868907366946 0.9999999999999999 3
8 11 11 0.0 0.9999999999999999 2
9 0 0 1.0 0.9999999999999999 3
9 0 1 0.6592592592592593 0.9999999999999999 2
9 0 2 2.1691229310968804E-4 0.9999999999999999 2
9 0 3 1.5326439606783834E-7 0.9999999999999999 3
9 0 4 3.303925601378495E-10 0.9999999999999999 2
9 0 5 0.0016257685029465885 0.9999999999999999 2
9 0 6 1.2522237308498616E-63 4.572473708276178E-5 5
9 0 7 0.6579885906247686 0.0073159579332418845 2
9 0 8 0.17347352249254006 0.0039018442310623383 2
9 0 9 0.6035003771729903 0.006503073718437231 2
9 0 10 0.49579634935318206 0.0028902549859721035 2
9 0 11 0.0 0.013006147436874463 2
9 1 0 1.0 0.9956104252400548 2
9 1 1 0.9 0.9999999999999999 2
9 1 2 0.9078189300411522 0.9999999999999999 2
9 1 3 6.628787255492828E-4 0.9999999999999999 2
9 1 4 7.922310595192961E-7 0.9999999999999999 5
9 1 5 6.12358601667766E-13 0.9999999999999999 3
9 1 6 3.0999978006015887E-7 0.9999999999999999 2
9 1 7 4.9E-324 2.0009145992792333E-4 4
9 1 8 0.5628037484717235 0.011705532693187016 2
9 1 9 0.4455581520931038 0.006172839506172841 2
9 1 10 0.7407059875855291 0.005549289573066439 2
9 1 11 0.0 0.019509221155311694 2
9 2 0 1.0 0.9999999999858692 2
9 2 1 0.9841035975771534 0.9999999999999999 3
9 2 2 0.28345793167382016 0.9999999999999999 2
9 2 3 0.6271604938271604 0.9999999999999999 3
9 2 4 0.2872400548696845 0.9999999999999999 2
9 2 5 9.64266059349493E-10 0.9999999999999999 3
9 2 6 4.83706538901002E-13 0.9999999999999999 3
9 2 7 0.005295903025964234 0.9999999999999999 2
9 2 8 4.9E-324 1.1561019943888412E-4 5
9 2 9 0.4665239050343577 0.010973936899862827 2
9 2 10 0.1901472768205527 0.009876543209876545 2
9 2 11 0.0 0.019509221155311694 2
9 3 0 1.0 0.9999999999999999 2
9 3 1 0.9999999978723136 0.9999999999999999 2
9 3 2 0.9994212962962963 0.9999999999999999 2
9 3 3 0.24761904761904763 0.9999999999999999 2
9 3 4 0.002487425697302241 0.9999999999999999 4
9 3 5 2.9877543068402375E-4 0.9999999999999999 3
9 3 6 0.003799963834678178 0.9999999999999999 2
9 3 7 2.395051624957427E-9 0.9999999999999999 2
9 3 8 0.001027976234968306 0.9999999999999999 2
9 3 9 6.590070743878965E-216 1.0838456197395383E-4 4
9 3 10 0.6803256220089806 0.020833333333333336 2
9 3 11 0.0 0.014631915866483769 2
9 4 0 1.0 0.9999999999999999 3
9 4 1 0.9999999999991958 0.9999999999999999 4
9 4 2 0.9999996927369528 0.9999999999999999 5
9 4 3 0.5555555555555556 0.9999999999999999 3
9 4 4 0.16666666666666669 0.9999999999999999 3
9 4 5 0.0116714116273804 0.9999999999999999 3
9 4 6 0.8526187900081752 0.9999999999999999 3
9 4 7 2.5700627565287567E-7 0.9999999999999999 3
9 4 8 0.04740372221855084 0.9999999999999999 3
9 4 9 7.16549966021223E-5 0.9999999999999999 4
9 4 10 8.224068443654468E-198 1.2193263222069811E-4 2
9 4 11 0.0 0.021947873799725653 2
9 5 0 1.0 0.9999999999999999 3
9 5 1 0.27245739341760067 0.9999999999999999 3
9 5 2 0.9994837572615155 0.9999999999999999 2
9 5 3 0.9999706514231362 0.9999999999999999 2
9 5 4 0.9913292350420837 0.9999999999999999 3
9 5 5 0.9748285886862323 0.9999999999999999 6
9 5 6 7.733725940638843E-4 0.9999999999999999 4
9 5 7 1.2475540497291558E-5 0.9999999999999999 2
9 5 8 3.34623688399188E-5 0.9999999999999999 3
9 5 9 5.948068127327277E-6 0.9999999999999999 4
9 5 10 4.03577073129927E-10 0.9999999999999999 2
9 5 11 0.0 3.6579789666209425E-4 3
9 6 0 1.0 2.032210537011635E-4 3
9 6 1 0.9561034178070902 0.9999999999999999 3
9 6 2 0.9951225962411528 0.9999999999999999 3
9 6 3 0.9999994360886313 0.9999999999999999 2
9 6 4 0.9999621051912014 0.9999999999999999 3
9 6 5 0.9974308844569136 0.9999999999999999 2
9 6 6 0.5259259259259259 0.9999999999999999 4
9 6 7 0.05673677793019357 0.9999999999999999 2
9 6 8 7.533166976714358E-5 0.9999999999999999 3
9 6 9 1.3549361701219745E-4 0.9999999999999999 3
9 6 10 5.788531548511591E-4 0.9999999999999999 2
9 6 11 0.0 0.9999999999999999 3
9 7 0 1.0 0.04389574759945131 2
9 7 1 0.9999999999999999 1.7841080160321625E-4 2
9 7 2 0.9011126352664989 0.9999999999999999 4
9 7 3 0.4027777003615265 0.9999999999999999 2
9 7 4 0.9999704528669121 0.9999999999999999 3
9 7 5 0.9999990342059477 0.9999999999999999 2
9 7 6 0.13695473251028806 0.9999999999999999 3
9 7 7 0.5000838286846517 0.9999999999999999 2
9 7 8 0.0017341529915832613 0.9999999999999999 4
9 7 9 9.248815955110727E-5 0.9999999999999999 2
9 7 10 2.1313688951205686E-9 0.9999999999999999 2
9 7 11 0.0 0.9999999999999999 3
9 8 0 1.0 0.019509221155311694 2
9 8 1 0.4848346710420479 0.019509221155311694 2
9 8 2 0.9999999999999999 2.5289731127255886E-4 4
9 8 3 0.9999997084563065 0.9999999999999999 3
9 8 4 0.9722222222222222 0.9999999999999999 2
9 8 5 0.9999922664465286 0.9999999999999999 2
9 8 6 0.9999440503726172 0.9999999999999999 2
9 8 7 0.9984392623075751 0.9999999999999999 5
9 8 8 0.5745770461819845 0.9999999999999999 4
9 8 9 0.0016699251030061046 0.9999999999999999 3
9 8 10 2.2282381716761625E-6 0.9999999999999999 3
9 8 11 0.0 0.9999999999999999 4
9 9 0 1.0 0.04389574759945131 2
9 9 1 0.6464339769055388 0.007315957933241885 2
9 9 2 0.4547323019566635 0.014631915866483769 2
9 9 3 0.9999999999999999 4.757621376085766E-5 3
9 9 4 0.9999999999999999 0.9999999999999999 3
9 9 5 0.9996083670396613 0.9999999999999999 4
9 9 6 0.20530377987296938 0.9999999999999999 3
9 9 7 0.0012840990009104624 0.9999999999999999 4
9 9 8 0.23045267489711935 0.9999999999999999 3
9 9 9 0.059259259259259275 0.9999999999999999 2
9 9 10 0.014760123850858078 0.9999999999999999 2
9 9 11 0.0 0.9999999999999999 3
9 10 0 1.0 0.003853673314629471 2
9 10 1 0.4086832953452993 0.007225637464930252 2
9 10 2 0.3493723381605396 0.008779149519890263 2
9 10 3 0.39081594150041477 0.009876543209876545 2
9 10 4 0.9999999999999999 1.5224388403474448E-4 3
9 10 5 0.978865010179182 0.9999999999999999 3
9 10 6 0.9999999653851133 0.9999999999999999 2
9 10 7 0.9999999978513134 0.9999999999999999 2
9 10 8 0.8947944954971135 0.9999999999999999 2
9 10 9 0.782716049382716 0.9999999999999999 3
9 10 10 0.1 0.9999999999999999 2
9 10 11 0.0 0.9999999999999999 3
9 11 0 1.0 0.013006147436874463 2
9 11 1 0.6696142105643711 0.003853673314629471 2
9 11 2 0.42074158465685474 0.0021676912394790774 2
9 11 3 0.5404926390612524 0.0032515368592186157 2
9 11 4 0.5671678854157942 0.010973936899862827 2
9 11 5 0.9999999999999999 7.717813454362765E-5 8
9 11 6 0.9999999999968194 0.9999999999999999 4
9 11 7 0.9999999999292067 0.9999999999999999 2
9 11 8 0.6599571452062258 0.9999999999999999 2
9 11 9 0.9999889179726774 0.9999999999999999 2
9 11 10 0.9807932921998866 0.9999999999999999 3
9 11 11 0.0 0.9999999999999999 2
10 0 0 1.0 0.9999999999999999 3
10 0 1 0.046296296296296294 0.9999999999999999 2
10 0 2 1.7395053156313575E-6 0.9999999999999999 2
10 0 3 0.9998587790973156 0.9999999999999999 3
10 0 4 7.554974795667239E-10 0.9999999999999999 2
10 0 5 4.7929500064686666E-74 3.7633528463178434E-5 5
10 0 6 0.7553590426024738 0.019509221155311694 2
10 0 7 0.3701709678813767 0.0048773052888279236 2
10 0 8 0.4690135953056502 0.020833333333333336 2
10 0 9 0.3916129837871012 0.0028902549859721035 2
10 0 10 0.4195166001346692 0.009876543209876545 2
10 0 11 0.0 0.013006147436874463 2
10 1 0 1.0 0.9956104252400548 2
10 1 1 0.22222222222222227 0.9999999999999999 2
10 1 2 0.020016460905349795 0.9999999999999999 2
10 1 3 0.056817435362846794 0.9999999999999999 2
10 1 4 5.296743547027406E-5 0.9999999999999999 5
10 1 5 0.032921813925994844 0.9999999999999999 3
10 1 6 4.9E-324 1.0925163846974549E-4 4
10 1 7 0.513648391168499 0.029263831732967538 2
10 1 8 0.5358366190669815 0.0048773052888279236 2
10 1 9 0.38449353671951947 0.00823045267489712 2
10 1 10 0.7165581986678875 0.00925925925925926 2
10 1 11 0.0 0.019509221155311694 2
10 2 0 1.0 0.9999999999788037 2
10 2 1 0.0016289437585733887 0.9999999999999999 3
10 2 2 0.1728395061728395 0.9999999999999999 2
10 2 3 0.9808681176900792 0.9999999999999999 3
10 2 4 0.02517630152198053 0.9999999999999999 2
10 2 5 0.3595015770949139 0.9999999999999999 3
10 2 6 5.7091480196546344E-5 0.9999999999999999 3
10 2 7 4.9E-324 6.377551020408161E-5 5
10 2 8 0.4468410437603093 0.03555555555555556 2
10 2 9 0.4902663985369472 0.0048773052888279236 2
10 2 10 0.6208841361755054 0.010973936899862827 2
10 2 11 0.0 0.005780509971944207 2
10 3 0 1.0 0.9999999999999999 2
10 3 1 0.999999877559007 0.9999999999999999 2
10 3 2 0.9998353909465021 0.9999999999999999 2
10 3 3 0.4814814814814815 0.9999999999999999 2
10 3 4 0.13925925925925925 0.9999999999999999 4
10 3 5 6.456440002214601E-7 0.9999999999999999 3
10 3 6 3.5946475795943587E-4 0.9999999999999999 2
10 3 7 3.063613902594798E-11 0.9999999999999999 2
10 3 8 3.153812672533512E-269 3.853673314629471E-5 4
10 3 9 0.5080450213708908 0.009754610577655847 2
10 3 10 0.4362149224632348 0.009754610577655847 2
10 3 11 0.0 0.019509221155311694 2
10 4 0 1.0 0.9999999999999999 3
10 4 1 0.782603207785332 0.9999999999999999 4
10 4 2 0.9999999958687005 0.9999999999999999 5
10 4 3 0.9878067367779303 0.9999999999999999 3
10 4 4 0.36807566597232805 0.9999999999999999 3
10 4 5 0.021460143270842863 0.9999999999999999 3
10 4 6 2.2202233088400235E-6 0.9999999999999999 3
10 4 7 0.0035116598092708247 0.9999999999999999 3
10 4 8 0.05925927245996869 0.9999999999999999 3
10 4 9 7.905551487052398E-280 8.221169737876203E-5 4
10 4 10 0.5021958521894668 0.029263831732967538 2
10 4 11 0.0 0.029263831732967538 2
10 5 0 1.0 4.0598369075931873E-4 3
10 5 1 0.9999999999999982 0.9999999999999999 3
10 5 2 0.9999999753407159 0.9999999999999999 2
10 5 3 0.9992601898760186 0.9999999999999999 2
10 5 4 0.9707361682670325 0.9999999999999999 3
10 5 5 0.762962962962963 0.9999999999999999 6
10 5 6 2.506677905838252E-4 0.9999999999999999 4
10 5 7 3.1269341408256404E-5 0.9999999999999999 2
10 5 8 1.7270819254060467E-7 0.9999999999999999 3
10 5 9 1.534680796812603E-12 0.9999999999999999 4
10 5 10 4.9E-324 1.6726012650301522E-4 3
10 5 11 0.0 0.04938271604938273 2
10 6 0 1.0 0.09876543209876545 2
10 6 1 0.9999999999999999 2.569115543086313E-4 4
10 6 2 0.9999588915041266 0.9999999999999999 3
10 6 3 0.9972957180841765 0.9999999999999999 2
10 6 4 0.9995278246628819 0.9999999999999999 3
10 6 5 0.9916666666666666 0.9999999999999999 2
10 6 6 0.22962962962962963 0.9999999999999999 4
10 6 7 1.982342240035734E-6 0.9999999999999999 2
10 6 8 9.789344395238202E-7 0.9999999999999999 3
10 6 9 3.0939174289101266E-7 0.9999999999999999 3
10 6 10 0.043895767971744826 0.9999999999999999 2
10 6 11 0.0 3.425487390781752E-4 3
10 7 0 1.0 0.019509221155311694 2
10 7 1 0.3003197279710521 0.03950617283950618 2
10 7 2 0.9999999999999999 7.233796296296299E-5 4
10 7 3 0.8518518516780154 0.9999999999999999 2
10 7 4 0.9999983961445374 0.9999999999999999 3
10 7 5 4.051571024308282E-4 0.9999999999999999 2
10 7 6 0.8066666666666666 0.9999999999999999 3
10 7 7 0.7037037037037037 0.9999999999999999 2
10 7 8 7.451438635709329E-5 0.9999999999999999 4
10 7 9 7.190467633775644E-5 0.9999999999999999 2
10 7 10 1.8576071195432717E-7 0.9999999999999999 2
10 7 11 0.0 0.9999999999999999 3
10 8 0 1.0 0.06584362139917696 2
10 8 1 0.5062956728261262 0.010973936899862827 2
10 8 2 0.6247765492014327 0.01646090534979424 2
10 8 3 0.9999999999999999 1.2345679012345682E-4 5
10 8 4 0.9999999999534327 0.9999999999999999 2
10 8 5 0.9999999994793597 0.9999999999999999 2
10 8 6 0.9990489254686785 0.9999999999999999 2
10 8 7 0.9996952380952381 0.9999999999999999 5
10 8 8 0.3125 0.9999999999999999 4
10 8 9 0.0664532329367846 0.9999999999999999 3
10 8 10 0.0013203080611351157 0.9999999999999999 3
10 8 11 0.0 0.9999999999999999 4
10 9 0 1.0 0.00823045267489712 2
10 9 1 0.4402572959438781 0.010973936899862827 2
10 9 2 0.4126255691660734 0.0039018442310623383 2
10 9 3 0.3056597131873846 0.014814814814814819 2
10 9 4 0.9999999999999999 8.851405894539567E-5 4
10 9 5 0.9999999999999465 0.9999999999999999 4
10 9 6 0.9999999999983241 0.9999999999999999 3
10 9 7 0.9999999991749556 0.9999999999999999 4
10 9 8 0.17352537722908096 0.9999999999999999 3
10 9 9 0.8930041152263374 0.9999999999999999 2
10 9 10 0.17806680327637497 0.9999999999999999 2
10 9 11 0.0 0.9999999999999999 3
10 10 0 1.0 0.014631915866483769 2
10 10 1 0.35481097641204673 0.006936611966333045 2
10 10 2 0.43203159061489627 0.014631915866483769 2
10 10 3 0.5145986233903689 0.009754610577655847 2
10 10 4 0.4831372184046494 0.01646090534979424 2
10 10 5 0.9999999999999999 3.657978966620942E-5 4
10 10 6 0.9817662608596229 0.9999999999999999 2
10 10 7 0.9999998868510076 0.9999999999999999 2
10 10 8 0.9999992684560544 0.9999999999999999 2
10 10 9 0.9321079103795153 0.9999999999999999 3
10 10 10 0.7999999999999999 0.9999999999999999 2
10 10 11 0.0 0.9999999999999999 3
10 11 0 1.0 0.005780509971944207 2
10 11 1 0.2468496228483173 0.00823045267489712 2
10 11 2 0.5578715994404949 0.006503073718437231 2
10 11 3 0.41928548720786807 0.0073159579332418845 2
10 11 4 0.3898711420745853 0.006503073718437231 2
10 11 5 0.28768425074437365 0.029263831732967538 2
10 11 6 0.9999999999999999 1.2755102040816328E-4 10
10 11 7 0.9999999234784306 0.9999999999999999 2
10 11 8 0.9999994098584315 0.9999999999999999 2
10 11 9 0.003334180400564428 0.9999999999999999 2
10 11 10 0.31635802469135804 0.9999999999999999 3
10 11 11 0.0 0.9999999999999999 2
11 0 0 1.0 0.9999999999999999 3
11 0 1 0.14266117969821673 0.9999999999999999 2
11 0 2 6.9570697382502194E-6 0.9999999999999999 2
11 0 3 5.302451648937111E-11 0.9999999999999999 3
11 0 4 4.9E-324 5.0793650793650774E-5 5
11 0 5 0.3719863123127769 0.02633744855967079 2
11 0 6 0.640810872324717 0.006503073718437231 2
11 0 7 0.5399154640157255 0.010973936899862827 2
11 0 8 0.8499273145062214 0.0032921810699588485 2
11 0 9 0.38846164118150495 0.013006147436874463 2
11 0 10 0.5419214185728487 0.003511659807956105 2
11 0 11 0.0 0.013006147436874463 2
11 1 0 1.0 0.9956104252400548 2
11 1 1 0.5066666666666667 0.9999999999999999 2
11 1 2 0.015180612711476905 0.9999999999999999 2
11 1 3 6.948114631310143E-4 0.9999999999999999 2
11 1 4 4.77738016577212E-5 0.9999999999999999 5
11 1 5 4.9E-324 1.0530591677336093E-4 5
11 1 6 0.43759895823795847 0.021947873799725653 2
11 1 7 0.2114626391815766 0.00823045267489712 2
11 1 8 0.567663283372209 0.014631915866483769 2
11 1 9 0.3952164065260656 0.0032515368592186157 2
11 1 10 0.6678862649960651 0.008779149519890263 2
11 1 11 0.0 0.014631915866483769 2
11 2 0 1.0 0.9999999999788037 2
11 2 1 0.9999974308844569 0.9999999999999999 3
11 2 2 0.5333333333333334 0.9999999999999999 2
11 2 3 9.277361683367239E-4 0.9999999999999999 3
11 2 4 5.258646674715119E-7 0.9999999999999999 2
11 2 5 6.308167385566316E-7 0.9999999999999999 3
11 2 6 4.9E-324 6.428571428571427E-5 6
11 2 7 0.09165728443090049 0.013006147436874463 2
11 2 8 0.38741685874006204 0.005780509971944207 2
11 2 9 0.33961985829526276 0.010973936899862827 2
11 2 10 0.287379025641082 0.0036995263820442928 2
11 2 11 0.0 0.019509221155311694 2
11 3 0 1.0 0.9999999999999999 2
11 3 1 0.9999999995603722 0.9999999999999999 2
11 3 2 0.9997971403107697 0.9999999999999999 2
11 3 3 0.75 0.9999999999999999 2
11 3 4 3.425487390781752E-4 0.9999999999999999 4
11 3 5 0.9841325775183615 0.9999999999999999 3
11 3 6 5.572380274544584E-12 0.9999999999999999 2
11 3 7 2.47872403E-316 4.479157918311362E-5 4
11 3 8 0.7671623671819955 0.01646090534979424 2
11 3 9 0.6073873705712957 0.009754610577655847 2
11 3 10 0.30192219869830617 0.029263831732967538 2
11 3 11 0.0 0.019509221155311694 2
11 4 0 1.0 4.28185923847719E-4 3
11 4 1 0.999999999984371 0.9999999999999999 4
11 4 2 0.9999995006811402 0.9999999999999999 5
11 4 3 0.998668170502464 0.9999999999999999 3
11 4 4 0.8981481481481481 0.9999999999999999 3
11 4 5 0.3564929126657522 0.9999999999999999 3
11 4 6 6.444185567608235E-9 0.9999999999999999 3
11 4 7 3.1726922964541237E-13 0.9999999999999999 3
11 4 8 4.9E-324 5.854104427605532E-5 5
11 4 9 0.1879344143854455 0.021947873799725653 2
11 4 10 0.4295292706536601 0.0073159579332418845 2
11 4 11 0.0 0.06584362139917696 2
11 5 0 1.0 0.06584362139917696 2
11 5 1 0.9999999999999999 1.1561019943888415E-4 4
11 5 2 0.999997492117037 0.9999999999999999 2
11 5 3 0.9999998606165612 0.9999999999999999 2
11 5 4 0.3284458669918203 0.9999999999999999 3
11 5 5 0.9407407407407408 0.9999999999999999 6
11 5 6 0.06724093549425053 0.9999999999999999 4
11 5 7 0.01624092900905766 0.9999999999999999 2
11 5 8 7.263307536094166E-9 0.9999999999999999 3
11 5 9 4.9E-324 1.6257684296093076E-4 5
11 5 10 0.3750984878640119 0.021947873799725653 2
11 5 11 0.0 0.01646090534979424 2
11 6 0 1.0 0.02469135802469136 2
11 6 1 0.571005702446748 0.06584362139917696 2
11 6 2 0.9999999999999999 1.5607376924249355E-4 5
11 6 3 0.9999999999999981 0.9999999999999999 2
11 6 4 0.9999986467210308 0.9999999999999999 3
11 6 5 0.9254557291666666 0.9999999999999999 2
11 6 6 0.41250000000000003 0.9999999999999999 4
11 6 7 0.018518518518518524 0.9999999999999999 2
11 6 8 2.5425011922916194E-4 0.9999999999999999 3
11 6 9 2.552629063729939E-17 0.9999999999999999 3
11 6 10 1.6980790185493264E-307 1.6647868719199313E-4 3
11 6 11 0.0 0.04389574759945131 2
11 7 0 1.0 0.06584362139917696 2
11 7 1 0.37244014567207584 0.009754610577655847 2
11 7 2 0.6897470228013264 0.055555555555555566 2
11 7 3 0.9999999999999999 1.0288065843621402E-4 4
11 7 4 0.9999999729109041 0.9999999999999999 3
11 7 5 0.9278919604069326 0.9999999999999999 2
11 7 6 0.5818930041152263 0.9999999999999999 3
11 7 7 0.19444444444444448 0.9999999999999999 2
11 7 8 2.3074463674015957E-5 0.9999999999999999 4
11 7 9 0.03300207833468946 0.9999999999999999 2
11 7 10 1.721412778461273E-10 0.9999999999999999 2
11 7 11 0.0 2.537398067245742E-4 3
11 8 0 1.0 0.01646090534979424 2
11 8 1 0.48594494879848044 0.021947873799725653 2
11 8 2 0.56114414244079 0.0073159579332418845 2
11 8 3 0.399635087688775 0.021947873799725653 2
11 8 4 0.9999999999999999 9.909445666190069E-5 5
11 8 5 0.9999983334140792 0.9999999999999999 2
11 8 6 0.9999349232090624 0.9999999999999999 2
11 8 7 0.25355619908889226 0.9999999999999999 5
11 8 8 0.75 0.9999999999999999 4
11 8 9 6.633483518656724E-5 0.9999999999999999 3
11 8 10 3.789618956510904E-8 0.9999999999999999 3
11 8 11 0.0 0.9999999999999999 4
11 9 0 1.0 0.019509221155311694 2
11 9 1 0.3469582993364144 0.009754610577655847 2
11 9 2 0.5324982094492096 0.014631915866483769 2
11 9 3 0.460361143843076 0.0073159579332418845 2
11 9 4 0.6288976236669785 0.019509221155311694 2
11 9 5 0.9999999999999999 5.443421081281161E-5 6
11 9 6 0.9999957901813591 0.9999999999999999 3
11 9 7 0.9999927849872973 0.9999999999999999 4
11 9 8 0.9993903368388966 0.9999999999999999 3
11 9 9 0.6805555555555556 0.9999999999999999 2
11 9 10 3.47174530616405E-4 0.9999999999999999 2
11 9 11 0.0 0.9999999999999999 3
11 10 0 1.0 0.00867076495791631 2
11 10 1 0.6449010174350879 0.010404917949499569 2
11 10 2 0.4831926004107421 0.0032515368592186157 2
11 10 3 0.380468645766325 0.013006147436874463 2
11 10 4 0.3081255334803965 0.006172839506172841 2
11 10 5 0.4712729572321608 0.021947873799725653 2
11 10 6 0.9999999999999999 1.7571034393382915E-5 4
11 10 7 0.9999990485576404 0.9999999999999999 2
11 10 8 0.9999812303026304 0.9999999999999999 2
11 10 9 0.970164609053498 0.9999999999999999 3
11 10 10 0.3555555555555555 0.9999999999999999 2
11 10 11 0.0 0.9999999999999999 3
11 11 0 1.0 0.024691358024691364 2
11 11 1 0.3837086544191416 0.004335382478958155 2
11 11 2 0.4394939710428958 0.006944444444444446 2
11 11 3 0.4978771221995716 0.003853673314629471 2
11 11 4 0.23138588897570628 0.005486968449931413 2
11 11 5 0.42915695051645886 0.0028902549859721035 2
11 11 6 0.6823008432219281 0.017558299039780526 2
11 11 7 0.9999999999999999 5.441474804218292E-5 10
11 11 8 0.9999999998239438 0.9999999999999999 2
11 11 9 0.9999431310783987 0.9999999999999999 2
11 11 10 0.2962962962962963 0.9999999999999999 3
11 11 11 0.0 0.9999999999999999 2
12 0 0 1.0 0.9999999999999999 3
12 0 1 0.10416666666666667 0.9999999999999999 2
12 0 2 2.7658126224788486E-7 0.9999999999999999 2
12 0 3 4.9E-324 4.200867136552583E-5 6
12 0 4 0.708921008764923 0.01646090534979424 2
12 0 5 0.6416149322247167 0.005486968449931413 2
12 0 6 0.743716640923464 0.019509221155311694 2
12 0 7 0.5681357748570253 0.004335382478958155 2
12 0 8 0.4320953108037192 0.006503073718437231 2
12 0 9 0.3429396118978506 0.0028902549859721035 2
12 0 10 0.4283012820278136 0.007315957933241885 2
12 0 11 0.0 0.00867076495791631 2
12 1 0 1.0 0.9956104252400548 2
12 1 1 0.625 0.9999999999999999 2
12 1 2 0.4130405193928708 0.9999999999999999 2
12 1 3 2.7748291835133086E-4 0.9999999999999999 2
12 1 4 4.9E-324 3.420447864892311E-5 8
12 1 5 0.3160780288259294 0.018518518518518524 2
12 1 6 0.3561690635374962 0.021947873799725653 2
12 1 7 0.29050940876972364 0.010973936899862827 2
12 1 8 0.7467291149928116 0.0073159579332418845 2
12 1 9 0.39143822092047675 0.014631915866483769 2
12 1 10 0.69244369453472 0.009259259259259262 2
12 1 11 0.0 0.0073159579332418845 2
12 2 0 1.0 0.9999999999788037 2
12 2 1 0.9999989173768247 0.9999999999999999 3
12 2 2 0.6666666666666666 0.9999999999999999 2
12 2 3 0.004032921810699591 0.9999999999999999 3
12 2 4 3.15430949857446E-9 0.9999999999999999 2
12 2 5 4.9E-324 4.335382478958155E-5 7
12 2 6 0.721201774383253 0.019509221155311694 2
12 2 7 0.5238379358306409 0.01646090534979424 2
12 2 8 0.12181367880662772 0.021947873799725653 2
12 2 9 0.45775649649640326 0.0034683059831665227 2
12 2 10 0.724908155756135 0.010404917949499569 2
12 2 11 0.0 0.013006147436874463 2
12 3 0 1.0 2.709614049348847E-4 2
12 3 1 0.9999771959035154 0.9999999999999999 2
12 3 2 0.5098477535606021 0.9999999999999999 2
12 3 3 0.6666666666666666 0.9999999999999999 2
12 3 4 5.225684238029918E-4 0.9999999999999999 4
12 3 5 6.567814925186203E-7 0.9999999999999999 3
12 3 6 4.9E-324 5.159989921894682E-5 4
12 3 7 0.6500770172017973 0.01646090534979424 2
12 3 8 0.1723338145156188 0.009364426154549613 2
12 3 9 0.458713790698965 0.029263831732967538 2
12 3 10 0.5355556103794264 0.009754610577655847 2
12 3 11 0.0 0.019509221155311694 2
12 4 0 1.0 0.09876543209876545 2
12 4 1 0.9999999999999999 1.8064093662325647E-4 5
12 4 2 0.999999390047285 0.9999999999999999 5
12 4 3 0.8828125 0.9999999999999999 3
12 4 4 0.5432098765432098 0.9999999999999999 3
12 4 5 2.3411065386374033E-4 0.9999999999999999 3
12 4 6 6.356473041826899E-6 0.9999999999999999 3
12 4 7 4.9E-324 6.449987402368357E-5 6
12 4 8 0.669552899718772 0.019509221155311694 2
12 4 9 0.6859147704551967 0.010973936899862827 2
12 4 10 0.4935551298573139 0.01646090534979424 2
12 4 11 0.0 0.029263831732967538 2
12 5 0 1.0 0.04389574759945131 2
12 5 1 0.23890303933718654 0.04389574759945131 2
12 5 2 0.9999999999999999 1.463191586648377E-4 4
12 5 3 0.9999919671087228 0.9999999999999999 2
12 5 4 0.9908776327005255 0.9999999999999999 3
12 5 5 0.8689711934156379 0.9999999999999999 6
12 5 6 1.4481381752631055E-4 0.9999999999999999 4
12 5 7 5.19226826723434E-5 0.9999999999999999 2
12 5 8 4.9E-324 7.99849628269885E-5 6
12 5 9 0.3012907181108212 0.029263831732967538 2
12 5 10 0.4558135078075215 0.02809327846364884 2
12 5 11 0.0 0.06584362139917696 2
12 6 0 1.0 0.029263831732967538 2
12 6 1 0.6988929065563837 0.021947873799725653 2
12 6 2 0.5471120815890224 0.029263831732967538 2
12 6 3 0.9999999999999999 6.88932980599647E-5 5
12 6 4 0.9999999891153409 0.9999999999999999 3
12 6 5 0.4040347508001829 0.9999999999999999 2
12 6 6 0.34825102880658443 0.9999999999999999 4
12 6 7 0.0017777777777777779 0.9999999999999999 2
12 6 8 2.324744662657765E-5 0.9999999999999999 3
12 6 9 4.9E-324 4.28185923847719E-5 4
12 6 10 0.23396017293798038 0.03292181069958848 2
12 6 11 0.0 0.04389574759945131 2
12 7 0 1.0 0.019509221155311694 2
12 7 1 0.5226172019126791 0.021947873799725653 2
12 7 2 0.6518214739585466 0.014631915866483769 2
12 7 3 0.4542551078401589 0.029263831732967538 2
12 7 4 0.9999999999999999 1.4125279017857144E-4 5
12 7 5 0.9999998318973781 0.9999999999999999 2
12 7 6 0.9968158164042938 0.9999999999999999 3
12 7 7 0.43209876543209874 0.9999999999999999 2
12 7 8 0.0019341563786008232 0.9999999999999999 4
12 7 9 3.2467022411276195E-8 0.9999999999999999 2
12 7 10 4.9E-324 2.0552924344690508E-4 3
12 7 11 0.0 0.09876543209876545 2
12 8 0 1.0 0.029263831732967538 2
12 8 1 0.5435073320773853 0.004389574759945131 2
12 8 2 0.6016106666614957 0.014631915866483769 2
12 8 3 0.613649562164973 0.014631915866483769 2
12 8 4 0.19286030233774148 0.007803688462124677 2
12 8 5 0.9999999999999999 3.2190214906264295E-5 5
12 8 6 0.9999999998696226 0.9999999999999999 2
12 8 7 0.920164609053498 0.9999999999999999 5
12 8 8 0.9777777777777777 0.9999999999999999 4
12 8 9 0.4203627495808566 0.9999999999999999 3
12 8 10 3.908265568378567E-7 0.9999999999999999 3
12 8 11 0.0 2.4085458216434194E-4 4
12 9 0 1.0 0.009754610577655847 2
12 9 1 0.8525081507971277 0.021947873799725653 2
12 9 2 0.737215859576594 0.0078036884621246775 2
12 9 3 0.6927176682587213 0.019509221155311694 2
12 9 4 0.5874166970174456 0.00823045267489712 2
12 9 5 0.7863443553354436 0.04166666666666667 2
12 9 6 0.9999999999999999 4.73539376901669E-5 7
12 9 7 0.999999917769507 0.9999999999999999 4
12 9 8 0.9976516678238977 0.9999999999999999 3
12 9 9 0.5625 0.9999999999999999 2
12 9 10 3.541090282454901E-5 0.9999999999999999 2
12 9 11 0.0 0.9999999999999999 3
12 10 0 1.0 0.010404917949499569 2
12 10 1 0.586603475875165 0.006584362139917697 2
12 10 2 0.34044662256924674 0.009364426154549615 2
12 10 3 0.5545640916190064 0.006172839506172841 2
12 10 4 0.34226376676729453 0.013888888888888892 2
12 10 5 0.346121137754121 0.006503073718437231 2
12 10 6 0.45951168037187407 0.029263831732967538 2
12 10 7 0.9999999999999999 6.355264175847402E-5 4
12 10 8 0.9999998215891984 0.9999999999999999 2
12 10 9 0.999982853223594 0.9999999999999999 3
12 10 10 0.5611111111111111 0.9999999999999999 2
12 10 11 0.0 0.9999999999999999 3
12 11 0 1.0 0.005780509971944207 2
12 11 1 0.15608923383777001 0.021947873799725653 2
12 11 2 0.758849431532934 0.001463191586648377 2
12 11 3 0.41002173640296624 0.005486968449931413 2
12 11 4 0.5193074913037535 0.004335382478958155 2
12 11 5 0.5882452434922717 0.01646090534979424 2
12 11 6 0.48549323549013745 0.01646090534979424 2
12 11 7 0.44887480638635624 0.021947873799725653 2
12 11 8 0.9999999999999999 3.542274052478136E-5 10
12 11 9 0.999999718895609 0.9999999999999999 2
12 11 10 0.045014880952380945 0.9999999999999999 3
12 11 11 0.0 0.9999999999999999 2
13 0 0 1.0 0.9999999999999999 3
13 0 1 0.08333333333333334 0.9999999999999999 2
13 0 2 4.9E-324 4.064882168791839E-5 6
13 0 3 0.445956750768261 0.021947873799725653 2
13 0 4 0.6119574667759028 0.01646090534979424 2
13 0 5 0.5905668778813208 0.021947873799725653 2
13 0 6 0.49471900290651716 0.014631915866483769 2
13 0 7 0.4093078764977648 0.010973936899862827 2
13 0 8 0.6548868788268818 0.005486968449931413 2
13 0 9 0.37361593870569154 0.009754610577655847 2
13 0 10 0.5119150515585709 0.004629629629629631 2
13 0 11 0.0 0.013006147436874463 2
13 1 0 1.0 0.9921963115378754 2
13 1 1 0.7497942386831276 0.9999999999999999 2
13 1 2 0.0018497631910221464 0.9999999999999999 2
13 1 3 4.9E-324 4.4087212063268936E-5 8
13 1 4 0.8079382878532521 0.02633744855967079 2
13 1 5 0.4839063778399644 0.009754610577655847 2
13 1 6 0.8241016026188321 0.03292181069958848 2
13 1 7 0.7950862923722956 0.010973936899862827 2
13 1 8 0.6002832127272733 0.0048773052888279236 2
13 1 9 0.36998188133505827 0.0048773052888279236 2
13 1 10 0.5495156630989865 0.012345679012345682 2
13 1 11 0.0 0.021947873799725653 2
13 2 0 1.0 1.5224388403474454E-4 2
13 2 1 0.9995664617521042 0.9999999999999999 3
13 2 2 0.5 0.9999999999999999 2
13 2 3 3.344437912339147E-4 0.9999999999999999 3
13 2 4 4.9E-324 3.711802181189938E-5 7
13 2 5 0.38673713625287565 0.019509221155311694 2
13 2 6 0.4953471398641902 0.021947873799725653 2
13 2 7 0.5325602526273185 0.015607376924249353 2
13 2 8 0.33149593495602037 0.0073159579332418845 2
13 2 9 0.47190092982567833 0.006503073718437231 2
13 2 10 0.36116790140199284 0.014631915866483769 2
13 2 11 0.0 0.029263831732967538 2
13 3 0 1.0 0.04938271604938273 2
13 3 1 0.9999999999999999 1.6859820751503933E-4 2
13 3 2 0.9994219490028056 0.9999999999999999 2
13 3 3 0.33333333333333337 0.9999999999999999 2
13 3 4 1.1891334799428078E-4 0.9999999999999999 4
13 3 5 4.9E-324 5.089952179899269E-5 5
13 3 6 0.7119142595023206 0.019509221155311694 2
13 3 7 0.7801285720904434 0.012345679012345682 2
13 3 8 0.5845507598618888 0.019509221155311694 2
13 3 9 0.26935040847764335 0.005780509971944207 2
13 3 10 0.2552155969849491 0.013006147436874463 2
13 3 11 0.0 0.013006147436874463 2
13 4 0 1.0 0.09876543209876545 2
13 4 1 0.18827174468531244 0.04389574759945131 2
13 4 2 0.9999999999999999 1.083597883597884E-4 8
13 4 3 0.9999981124865397 0.9999999999999999 3
13 4 4 0.7037037037037037 0.9999999999999999 3
13 4 5 8.221169737876205E-5 0.9999999999999999 3
13 4 6 4.9E-324 3.719387755102041E-5 7
13 4 7 0.36058813247069277 0.029263831732967538 2
13 4 8 0.35785010083003077 0.010973936899862827 2
13 4 9 0.36964048351096845 0.0740740740740741 2
13 4 10 0.5896938792836504 0.009754610577655847 2
13 4 11 0.0 0.03950617283950618 2
13 5 0 1.0 0.06584362139917696 2
13 5 1 0.5189841496528724 0.04389574759945131 2
13 5 2 0.6184536726365953 0.02633744855967079 2
13 5 3 0.9999999999999999 7.524985302763082E-5 4
13 5 4 0.9965753489098508 0.9999999999999999 3
13 5 5 0.8062124676116446 0.9999999999999999 6
13 5 6 3.3949026819354855E-4 0.9999999999999999 4
13 5 7 4.9E-324 8.736490873049202E-5 6
13 5 8 0.4665824319590356 0.019509221155311694 2
13 5 9 0.5876932521217166 0.021947873799725653 2
13 5 10 0.4725942023589004 0.013006147436874463 2
13 5 11 0.0 0.03292181069958848 2
13 6 0 1.0 0.029263831732967538 2
13 6 1 0.6415877937601843 0.04389574759945131 2
13 6 2 0.37752192926842176 0.014631915866483769 2
13 6 3 0.742729556942749 0.029263831732967538 2
13 6 4 0.9999999999999999 4.063492063492064E-5 6
13 6 5 0.9998049077884469 0.9999999999999999 2
13 6 6 0.44444444444444453 0.9999999999999999 4
13 6 7 0.001560737692424935 0.9999999999999999 2
13 6 8 4.9E-324 6.606297110793376E-5 5
13 6 9 0.2830468293011382 0.03292181069958848 2
13 6 10 0.30114433171207666 0.021947873799725653 2
13 6 11 0.0 0.06584362139917696 2
13 7 0 1.0 0.04938271604938273 2
13 7 1 0.6388510077808177 0.015607376924249353 2
13 7 2 0.552805938584436 0.021947873799725653 2
13 7 3 0.589796859312604 0.021947873799725653 2
13 7 4 0.3117993144488068 0.019509221155311694 2
13 7 5 0.9999999999999999 6.980414250693243E-5 5
13 7 6 0.9794238683127572 0.9999999999999999 3
13 7 7 0.9367901234567901 0.9999999999999999 2
13 7 8 9.515242752171534E-5 0.9999999999999999 4
13 7 9 4.9E-324 1.0582010582010581E-4 3
13 7 10 0.836110728296605 0.0740740740740741 2
13 7 11 0.0 0.04389574759945131 2
13 8 0 1.0 0.014631915866483769 2
13 8 1 0.3156908021778041 0.03292181069958848 2
13 8 2 0.3726703874682017 0.006503073718437231 2
13 8 3 0.3813520818429763 0.03292181069958848 2
13 8 4 0.44764993066753056 0.014631915866483769 2
13 8 5 0.3289893948367566 0.014631915866483769 2
13 8 6 0.9999999999999999 5.877551020408163E-5 5
13 8 7 0.9987654320987654 0.9999999999999999 5
13 8 8 0.5493827160493827 0.9999999999999999 4
13 8 9 0.020576131687242802 0.9999999999999999 3
13 8 10 5.92702711335427E-88 1.3006147436874464E-4 5
13 8 11 0.0 0.09876543209876545 2
13 9 0 1.0 0.014631915866483769 2
13 9 1 0.8003877637823196 0.005780509971944207 2
13 9 2 0.6576937179211017 0.03703703703703705 2
13 9 3 0.4182281750931137 0.005780509971944207 2
13 9 4 0.5877845166468328 0.019509221155311694 2
13 9 5 0.7087291026295349 0.019509221155311694 2
13 9 6 0.5609380213732674 0.04389574759945131 2
13 9 7 0.9999999999999999 6.513495310934728E-5 9
13 9 8 0.9583333333333334 0.9999999999999999 3
13 9 9 0.6 0.9999999999999999 2
13 9 10 7.929368960142942E-8 0.9999999999999999 2
13 9 11 0.0 2.4085458216434194E-4 3
13 10 0 1.0 0.019509221155311694 2
13 10 1 0.3701004326771795 0.013006147436874463 2
13 10 2 0.5369977662056743 0.005486968449931413 2
13 10 3 0.3018823317118071 0.019509221155311694 2
13 10 4 0.7921584796945632 0.012345679012345682 2
13 10 5 0.48952017212539056 0.014631915866483769 2
13 10 6 0.4133916293091554 0.014631915866483769 2
13 10 7 0.5236924060041841 0.019509221155311694 2
13 10 8 0.9999999999999999 6.757984909212734E-5 4
13 10 9 0.9995766228047892 0.9999999999999999 3
13 10 10 0.5 0.9999999999999999 2
13 10 11 0.0 0.9999999999999999 3
13 11 0 1.0 0.019509221155311694 2
13 11 1 0.4196658179438556 0.0052024589747497844 2
13 11 2 0.6543825341055838 0.006503073718437231 2
13 11 3 0.28946269670840474 0.0018289894833104711 2
13 11 4 0.3779048416483072 0.013006147436874463 2
13 11 5 0.6156598876013039 0.006584362139917697 2
13 11 6 0.672286563602211 0.021947873799725653 2
13 11 7 0.7631858879805663 0.004335382478958155 2
13 11 8 0.5834972673232397 0.021947873799725653 2
13 11 9 0.9999999999999999 2.9617289092507763E-5 10
13 11 10 0.9940740740740741 0.9999999999999999 3
13 11 11 0.0 0.9999999999999999 2
14 0 0 1.0 0.9999999999999999 3
14 0 1 4.9E-324 6.26627604166667E-5 6
14 0 2 0.6942668576451109 0.021947873799725653 2
14 0 3 0.656430459788728 0.013006147436874463 2
14 0 4 0.6054684544822639 0.03292181069958848 2
14 0 5 0.17575168615421144 0.005852766346593508 2
14 0 6 0.6330260732500481 0.014631915866483769 2
14 0 7 0.5731121939420377 0.006503073718437232 2
14 0 8 0.42576027562314944 0.011705532693187016 2
14 0 9 0.7074655626804155 0.0052024589747497844 2
14 0 10 0.36012771119011266 0.0073159579332418845 2
14 0 11 0.0 0.004335382478958155 2
14 1 0 1.0 1.6056972144289463E-4 2
14 1 1 0.3333333333333333 0.9999999999999999 2
14 1 2 4.9E-324 4.1182111859491165E-5 8
14 1 3 0.31139491699939414 0.0740740740740741 2
14 1 4 0.5765520628815606 0.04389574759945131 2
14 1 5 0.18633370644127284 0.021947873799725653 2
14 1 6 0.41493690166244046 0.006503073718437231 2
14 1 7 0.2727909471308493 0.0048773052888279236 2
14 1 8 0.6477101117037364 0.011705532693187016 2
14 1 9 0.6996129378973052 0.004335382478958155 2
14 1 10 0.620891229955063 0.006503073718437231 2
14 1 11 0.0 0.006503073718437231 2
14 2 0 1.0 0.09876543209876545 2
14 2 1 0.9999999999999999 5.2083333333333364E-5 3
14 2 2 0.4285714285714286 0.9999999999999999 2
14 2 3 4.9E-324 2.4073878669214758E-5 8
14 2 4 0.4381608189068896 0.029263831732967538 2
14 2 5 0.7704148428168138 0.014631915866483769 2
14 2 6 0.5547043618935429 0.04389574759945131 2
14 2 7 0.5648792584048004 0.009754610577655847 2
14 2 8 0.5768224399041072 0.018518518518518524 2
14 2 9 0.5613809460329974 0.006936611966333045 2
14 2 10 0.47526090624953976 0.011705532693187016 2
14 2 11 0.0 0.009754610577655847 2
14 3 0 1.0 0.06584362139917696 2
14 3 1 0.1244562195319299 0.06584362139917696 2
14 3 2 0.9999999999999999 8.535284255448868E-5 2
14 3 3 0.5 0.9999999999999999 2
14 3 4 4.9E-324 3.025382874110202E-5 7
14 3 5 0.4991227524035664 0.019509221155311694 2
14 3 6 0.5058916674129995 0.01646090534979424 2
14 3 7 0.45293759402344813 0.029263831732967538 2
14 3 8 0.2431457910585244 0.006584362139917697 2
14 3 9 0.7465286647153316 0.019509221155311694 2
14 3 10 0.4654910704413474 0.00867076495791631 2
14 3 11 0.0 0.014631915866483769 2
14 4 0 1.0 0.09876543209876545 2
14 4 1 0.5860774842259812 0.03292181069958848 2
14 4 2 0.5849147481093316 0.04938271604938273 2
14 4 3 0.9999999999999999 5.0390526581002785E-5 9
14 4 4 0.6666666666666666 0.9999999999999999 3
14 4 5 4.9E-324 4.516023415581409E-5 8
14 4 6 0.6323708031186025 0.04115226337448559 2
14 4 7 0.5049035885186923 0.00867076495791631 2
14 4 8 0.7009849860090016 0.019509221155311694 2
14 4 9 0.6304154944866955 0.01666666666666667 2
14 4 10 0.454453776357168 0.013006147436874463 2
14 4 11 0.0 0.029263831732967538 2
14 5 0 1.0 0.06584362139917696 2
14 5 1 0.5470334391026973 0.029263831732967538 2
14 5 2 0.3568290551124814 0.04389574759945131 2
14 5 3 0.6352287937278248 0.04938271604938273 2
14 5 4 0.9999999999999999 3.870720000000001E-5 5
14 5 5 0.31275720164609055 0.9999999999999999 6
14 5 6 4.9E-324 6.34920634920635E-5 8
14 5 7 0.8078673299113286 0.04389574759945131 2
14 5 8 0.7442273205243441 0.04389574759945131 2
14 5 9 0.7420963227368284 0.03703703703703705 2
14 5 10 0.7035711193312335 0.017558299039780526 2
14 5 11 0.0 0.0740740740740741 2
14 6 0 1.0 0.04389574759945131 2
14 6 1 0.6199749460698695 0.019509221155311694 2
14 6 2 0.33979732017992903 0.029263831732967538 2
14 6 3 0.43521365472636775 0.024691358024691364 2
14 6 4 0.3065801131951825 0.03292181069958848 2
14 6 5 0.9999999999999999 3.749295132515087E-5 6
14 6 6 0.22222222222222227 0.9999999999999999 4
14 6 7 4.9E-324 1.0886842162562332E-4 5
14 6 8 0.548919937917229 0.06584362139917696 2
14 6 9 0.6441159363548825 0.029263831732967538 2
14 6 10 0.3898820792077148 0.03292181069958848 2
14 6 11 0.0 0.06584362139917696 2
14 7 0 1.0 0.029263831732967538 2
14 7 1 0.14939786713890546 0.04389574759945131 2
14 7 2 0.23061310484885555 0.029263831732967538 2
14 7 3 0.5108185976185204 0.01646090534979424 2
14 7 4 0.8037428887071888 0.014631915866483769 2
14 7 5 0.4133038271969319 0.024691358024691364 2
14 7 6 0.9999999999999999 4.368245436524599E-5 6
14 7 7 0.33333333333333337 0.9999999999999999 2
14 7 8 4.9E-324 9.688120039682543E-5 5
14 7 9 0.41494577362033513 0.04389574759945131 2
14 7 10 0.36404101827284197 0.04938271604938273 2
14 7 11 0.0 0.06584362139917696 2
14 8 0 1.0 0.029263831732967538 2
14 8 1 0.7184173974034057 0.005852766346593508 2
14 8 2 0.6407122753715006 0.014631915866483769 2
14 8 3 0.2872856665107336 0.00867076495791631 2
14 8 4 0.37026318967564664 0.04389574759945131 2
14 8 5 0.24071202981512152 0.03703703703703705 2
14 8 6 0.5416130912329663 0.021947873799725653 2
14 8 7 0.9999999999999999 3.9805636540330424E-5 8
14 8 8 0.33333333333333337 0.9999999999999999 4
14 8 9 4.9E-324 1.040491794949957E-4 6
14 8 10 0.4127063411505286 0.029263831732967538 2
14 8 11 0.0 0.04389574759945131 2
14 9 0 1.0 0.029263831732967538 2
14 9 1 0.7032825248280238 0.0073159579332418845 2
14 9 2 0.45505128159462804 0.014631915866483769 2
14 9 3 0.5030606337580811 0.013006147436874463 2
14 9 4 0.7128901462754621 0.0073159579332418845 2
14 9 5 0.5432740586592015 0.013006147436874463 2
14 9 6 0.2685453890132139 0.021947873799725653 2
14 9 7 0.39673770496441374 0.013006147436874463 2
14 9 8 0.9999999999999999 3.8064854781238026E-5 10
14 9 9 0.5111111111111112 0.9999999999999999 2
14 9 10 4.9E-324 5.511463844797178E-5 3
14 9 11 0.0 0.06584362139917696 2
14 10 0 1.0 0.021947873799725653 2
14 10 1 0.21082766511595713 0.004335382478958155 2
14 10 2 0.3104149637487047 0.013006147436874463 2
14 10 3 0.4651708232104498 0.010973936899862827 2
14 10 4 0.4425395986755619 0.011705532693187016 2
14 10 5 0.5322351395854242 0.009754610577655847 2
14 10 6 0.5175311364149133 0.01646090534979424 2
14 10 7 0.40157019068587396 0.019509221155311694 2
14 10 8 0.5347528238314585 0.019509221155311694 2
14 10 9 0.9999999999999999 3.127241235878523E-5 5
14 10 10 0.5833333333333334 0.9999999999999999 2
14 10 11 0.0 1.651574277698345E-4 3
14 11 0 1.0 0.004335382478958155 2
14 11 1 0.34522727716361257 0.0036579789666209422 2
14 11 2 0.7329384744070725 0.0024386526444139618 2
14 11 3 0.37702164154382456 0.0073159579332418845 2
14 11 4 0.3470263939027489 0.010973936899862827 2
14 11 5 0.40022558827932897 0.02341106538637403 2
14 11 6 0.3505471772883285 0.009259259259259262 2
14 11 7 0.6669349268530659 0.029263831732967538 2
14 11 8 0.7248920517067396 0.009754610577655847 2
14 11 9 0.6277868085710695 0.029263831732967538 2
14 11 10 0.9999999999999999 5.459870655620757E-5 11
14 11 11 0.0 0.9999999999999999 2
