
0 0 0 1.0 0.9999999999999999 3
0 0 1 0.14416198936971447 0.9999999903315118 2
0 0 2 0.026641362833602494 0.9999999999999999 4
0 0 3 1.8641039123293252E-4 0.9999999999999999 4
0 0 4 0.47399642582477186 0.9999999999999999 4
0 0 5 0.9550139065388416 0.9998612677606734 3
0 0 6 0.9670664896620561 0.9999999999999999 5
0 0 7 0.0012342145360028428 0.8113854316883614 4
0 0 8 0.013934877771104217 0.9868312598793134 2
0 0 9 0.21547936911311877 0.5679012345679013 2
0 0 10 0.8253888263185442 0.695381007965122 2
0 0 11 0.0 0.9064288947155014 5
0 1 0 1.0 0.9999999999999999 2
0 1 1 0.5792177696038973 0.9999999999999999 2
0 1 2 0.404216933818917 0.9999999999999999 2
0 1 3 0.468335462150711 0.9999999999999999 2
0 1 4 3.332006433914526E-5 0.9999999999999999 2
0 1 5 0.9734975819167216 0.9999048475724672 4
0 1 6 0.6386479240315818 0.9999955397299599 3
0 1 7 0.6734666543504165 0.9999923878057982 2
0 1 8 0.6328985104710849 0.9998394302785572 2
0 1 9 0.8522290663627324 0.9986678660146958 2
0 1 10 0.3780732255217987 0.9948896009988775 3
0 1 11 0.0 0.9932311917555722 3
0 2 0 1.0 0.9999999999999999 2
0 2 1 0.9096605951483816 0.9999999999999999 3
0 2 2 0.7569590678087319 0.9999999999999999 2
0 2 3 0.09118308121250948 0.9999999999999999 2
0 2 4 0.004623288381024998 0.9999999999999999 2
0 2 5 3.0765425834636837E-4 0.9999999999999999 3
0 2 6 0.1824089258395043 0.9995884773662552 2
0 2 7 0.0033759988347114725 0.9995718140752796 2
0 2 8 0.27429134846133246 0.9999957181407615 2
0 2 9 0.00242277456926191 0.9013768226388139 2
0 2 10 0.0014091240659394604 0.9984927771773978 3
0 2 11 0.0 0.971513529234605 3
0 3 0 1.0 0.9999999999999999 5
0 3 1 0.21470338332697253 0.9999999997640069 2
0 3 2 0.8885016074201052 0.9999999999999999 2
0 3 3 0.8007882206918765 0.9999999999999999 2
0 3 4 0.9764955124511911 0.9999999999999999 2
0 3 5 0.608502756071114 0.9999999999999999 3
0 3 6 0.9809563877643834 0.9999999999999999 3
0 3 7 0.05630654844564417 0.9999999999999999 2
0 3 8 6.486947412468009E-4 0.9999999999965097 2
0 3 9 0.39252855877247306 0.9975613473555286 3
0 3 10 0.6300152383581601 0.9874460194015746 3
0 3 11 0.0 0.9851851534127064 2
0 4 0 1.0 0.9767675684287312 2
0 4 1 0.9998588889859887 0.9999999999999999 2
0 4 2 0.9996243946362605 0.9999999999999999 3
0 4 3 0.9836234534264592 0.9999999999999999 4
0 4 4 0.640612195611172 0.9999999999999999 2
0 4 5 0.062474338399429966 0.9999999999999999 3
0 4 6 0.3288575471706989 0.9999999999999999 3
0 4 7 0.0022519638155302528 0.9999999999999999 2
0 4 8 0.3343278691995621 0.9958333333333331 2
0 4 9 1.2685727534636585E-4 0.9975613473555859 2
0 4 10 0.9143526563063754 0.945370367066297 4
0 4 11 0.0 0.9067215363511534 2
0 5 0 1.0 0.9999924817153453 2
0 5 1 0.9999988651031785 0.9999999999999999 3
0 5 2 0.8405674879680588 0.9999999999999999 2
0 5 3 0.16866861004957295 0.9999999999999999 2
0 5 4 0.8105722041669959 0.9999999999999999 4
0 5 5 0.5957791461767058 0.9999999999999999 2
0 5 6 0.06655484157813082 0.9999999999999999 3
0 5 7 0.08693778428203092 0.9999999999999999 3
0 5 8 6.730911401115107E-4 0.9999999999997552 3
0 5 9 3.820445377092135E-5 0.9999999999999937 4
0 5 10 0.004629637380533623 0.7499999999463225 2
0 5 11 0.0 0.9970736140732382 2
0 6 0 1.0 0.9916389052191397 7
0 6 1 0.9998243648313254 0.9999999999999999 2
0 6 2 0.7499965252626435 0.9999999999999999 2
0 6 3 0.002343033293829711 0.9999999999999999 2
0 6 4 0.639110885114925 0.9999999999999952 3
0 6 5 0.9667870440357212 0.9999999999745357 2
0 6 6 0.266345258387198 0.9999999999999999 4
0 6 7 0.016705083847093495 0.9999999999999999 3
0 6 8 0.0018036244329330247 0.9999999999999999 2
0 6 9 0.004310563410601284 0.999999983702828 2
0 6 10 0.010031713174745202 0.9999999999999999 5
0 6 11 0.0 0.9999999999999999 5
0 7 0 1.0 0.9996708975624385 3
0 7 1 0.856746464949305 0.9999942124413606 5
0 7 2 0.9989723537827396 0.9950077680658159 2
0 7 3 8.185466604744415E-4 0.9999999999999999 2
0 7 4 0.9949963019116254 0.9999999999999999 2
0 7 5 0.8045777410186754 0.9999999999999999 3
0 7 6 0.9827532766739904 0.9999999999999988 3
0 7 7 0.8017695284200521 0.9999999999999999 2
0 7 8 0.9487705173190523 0.9999999999999999 2
0 7 9 0.0021681645322563026 0.9999999999999999 2
0 7 10 4.0806432538690404E-7 0.9999999669609627 2
0 7 11 0.0 0.9999999881193392 3
0 8 0 1.0 0.9999633303386353 2
0 8 1 0.103390586935118 0.9999920695464477 2
0 8 2 0.905445296080683 0.9999999999919885 2
0 8 3 0.9948101447273192 0.9999998259637682 3
0 8 4 0.9994277966429391 0.9876543151435903 2
0 8 5 0.9998417225940259 0.9999999999999999 2
0 8 6 0.11383134192590239 0.9999999564918026 2
0 8 7 0.9359031958479463 0.9999999999999999 3
0 8 8 0.5955294122591325 0.9999999999999999 2
0 8 9 0.0070863539694068145 0.999999999094586 2
0 8 10 0.6255553085081258 0.9999999999999999 3
0 8 11 0.0 0.9999999999999999 2
0 9 0 1.0 0.981481481226837 4
0 9 1 0.9334151794382237 0.9999999706601227 2
0 9 2 0.4730569900549628 0.9999999999999999 2
0 9 3 0.6063632219784236 0.999999835482231 2
0 9 4 0.9848261055800573 0.9999999999999999 2
0 9 5 0.9981458483471216 0.9999999999999999 2
0 9 6 0.9999976828495106 0.9999999999999999 2
0 9 7 0.6135084187713998 0.9999999999999999 2
0 9 8 0.9993290382493811 0.9999999999999999 3
0 9 9 0.6447354379339684 0.9999999999999999 2
0 9 10 0.7896432744103472 0.9999999999999999 2
0 9 11 0.0 0.9999999999999999 3
0 10 0 1.0 0.9998554872149151 5
0 10 1 0.9999777992793244 0.9996387181032965 2
0 10 2 0.16291629770557764 0.9999103452678827 3
0 10 3 0.07077173029433695 0.9999999999999996 2
0 10 4 0.9999999858628363 0.8888880535315005 4
0 10 5 0.9347961644783487 0.9999999999999999 2
0 10 6 0.4632706638159211 0.9670781893004116 3
0 10 7 0.055474893978927485 0.9999999999999999 2
0 10 8 0.9994829162479 0.9999999999999999 2
0 10 9 0.3287361660987044 0.9999999999999999 2
0 10 10 0.4023760043130359 0.9999999999999999 2
0 10 11 0.0 0.9999999999999999 5
0 11 0 1.0 0.7355077975297667 3
0 11 1 0.8116311267419516 0.8061271147569746 2
0 11 2 0.6370986937851248 0.4999999877342881 2
0 11 3 0.9999888004530216 0.9259259259259258 4
0 11 4 0.29459762393174094 0.9999756134735531 2
0 11 5 0.9998571364550378 0.9999999999999998 3
0 11 6 0.08759941804245863 0.9999999999999997 7
0 11 7 0.9999474729352412 0.9999999999999999 4
0 11 8 0.007104325261789833 0.9999999999999999 2
0 11 9 0.6838883477202824 0.9999999999999999 3
0 11 10 0.5104391658005948 0.9999999999999999 3
0 11 11 0.0 0.9999999999999999 3
1 0 0 1.0 0.9999999999999999 3
1 0 1 0.7028237902834401 0.9999999871086822 2
1 0 2 0.5095907388273329 0.9999999999999999 4
1 0 3 3.8707823924854286E-4 0.9999999999999999 4
1 0 4 0.8388514797358324 0.9999999999999999 4
1 0 5 0.7417711874906174 0.9999075118404489 3
1 0 6 0.0011803886165062034 0.9999999999999999 5
1 0 7 2.945016867267239E-5 0.7129628454908301 4
1 0 8 0.4758908388780899 0.9912208346392585 2
1 0 9 0.904288174917279 0.45185185185185184 2
1 0 10 0.639874310025302 0.00837482893357313 2
1 0 11 0.0 0.9585429039554793 5
1 1 0 1.0 0.9999999999999999 2
1 1 1 0.27133546959022603 0.9999999999999999 2
1 1 2 0.04731952498162928 0.9999999999999999 2
1 1 3 0.7478493300819447 0.9999999999999999 2
1 1 4 6.281000997197543E-4 0.9999999999999999 2
1 1 5 0.0028383238284481064 0.9997859070380265 4
1 1 6 0.3804342778497759 0.9999884590512712 3
1 1 7 0.06400135329140397 0.9999957710032213 2
1 1 8 0.08352171227249716 0.9992774362535071 2
1 1 9 0.7837293907680666 0.9985076927616979 2
1 1 10 0.43750144353405296 0.9949838019017102 3
1 1 11 0.0 0.9873306029508543 3
1 2 0 1.0 0.9999999999999999 2
1 2 1 0.12016101157085124 0.9999999999999999 3
1 2 2 0.5718500500698362 0.9999999999999999 2
1 2 3 0.3477756105113441 0.9999999999999999 2
1 2 4 0.002968045147690929 0.9999999999999999 2
1 2 5 0.4406149436181125 0.9999999999999999 3
1 2 6 2.8193319001596337E-5 0.9994513031550069 2
1 2 7 0.006989424886066366 0.999571814072224 2
1 2 8 3.032413418790004E-5 0.9999994861768914 2
1 2 9 0.8119571267249368 0.8909019063263842 2
1 2 10 0.5295415471574824 0.994174329785328 3
1 2 11 0.0 0.9590052513764824 3
1 3 0 1.0 0.9999999999999999 5
1 3 1 8.754292596714608E-4 0.9999999996460103 2
1 3 2 0.9726093285653579 0.9999999999999999 2
1 3 3 0.3656200661228548 0.9999999999999999 2
1 3 4 0.05579278710212452 0.9999999999999999 2
1 3 5 0.013175252534024958 0.9999999999999999 3
1 3 6 1.0900950212750117E-6 0.9999999999999999 3
1 3 7 1.76610112171008E-4 0.9999999999999999 2
1 3 8 0.7284623637238339 0.999999999996797 2
1 3 9 0.003302995309601261 0.9934156378600629 3
1 3 10 0.8095005843764579 0.972542577608115 3
1 3 11 0.0 0.9790174209681871 2
1 4 0 1.0 0.9286694101508915 2
1 4 1 0.6251026914698001 0.9999999999999999 2
1 4 2 0.9735707575783992 0.9999999999999999 3
1 4 3 0.17048475911856675 0.9999999999999999 4
1 4 4 0.604645038016257 0.9999999999999999 2
1 4 5 0.02393345930255441 0.9999999999999999 3
1 4 6 0.38983091169606765 0.9999999999999999 3
1 4 7 0.9826246790110734 0.995122694711172 2
1 4 8 4.818142503449538E-8 0.9962962962962961 2
1 4 9 0.5034759447477868 0.9975613473555859 2
1 4 10 0.5298678958371675 0.9105624054556014 4
1 4 11 0.0 0.9451303155004495 2
1 5 0 1.0 0.9999899753460594 2
1 5 1 0.9999998074174411 0.9999999174024067 3
1 5 2 0.0936647414159939 0.9999999999999999 2
1 5 3 0.9912701944861999 0.9999999999999999 2
1 5 4 0.036978433524227014 0.9999999999999999 4
1 5 5 0.2493128864979603 0.9999999999999999 2
1 5 6 0.7475017374859403 0.9999999999999999 3
1 5 7 0.6295393578603061 0.9999999999999999 3
1 5 8 1.7357105008718968E-5 0.9999999999997445 3
1 5 9 0.2504259484607384 0.9999999999999996 4
1 5 10 0.9166649384272849 0.7499999999773374 2
1 5 11 0.0 0.9970736131529733 2
1 6 0 1.0 0.9916389052191298 7
1 6 1 0.9998627900292769 0.9999999999999999 2
1 6 2 0.9999999995235475 0.9999999999999999 2
1 6 3 0.9043973614878843 0.9999999999999999 2
1 6 4 0.9870735476300035 0.9999999999999928 3
1 6 5 0.5739485506872357 0.9999999999618036 2
1 6 6 0.3811300354428133 0.9999999999999999 4
1 6 7 0.3824388962638353 0.9999999999999999 3
1 6 8 1.131065726940944E-4 0.9999999999999999 2
1 6 9 0.06361610347719954 0.999999975554242 2
1 6 10 0.9377919483527671 0.9999999999999999 5
1 6 11 0.0 0.9999999999999999 5
1 7 0 1.0 0.9995033683427595 3
1 7 1 0.9999766249939135 0.9999902002275245 5
1 7 2 0.7997373763906748 0.9944837167792164 2
1 7 3 6.469267207218894E-5 0.9999999999999999 2
1 7 4 0.9587853880743918 0.9999999999999999 2
1 7 5 0.3720269373999595 0.9999999999999999 3
1 7 6 0.7473988291153967 0.999999999999998 3
1 7 7 0.4717702909191003 0.9999999999999999 2
1 7 8 0.0031503285910656565 0.9999999999999999 2
1 7 9 0.015327344769105371 0.9999999999999999 2
1 7 10 0.04077481882629662 0.9999999823791801 2
1 7 11 0.0 0.9999999832928052 3
1 8 0 1.0 0.9999285530767872 2
1 8 1 0.9740719839238908 0.9999920700269103 2
1 8 2 0.9369786752287974 0.9999999999387176 2
1 8 3 0.9956533677875462 0.9999996084147192 3
1 8 4 0.9859554740397077 0.9814814732310382 2
1 8 5 0.04442251389973345 0.9999999999999999 2
1 8 6 0.020364756830205152 0.9999999419890703 2
1 8 7 0.21063026199799967 0.9999999999999999 3
1 8 8 0.604966754614511 0.9999999999999999 2
1 8 9 0.9791673289425344 0.9999999990945808 2
1 8 10 6.961229543409253E-7 0.9999999999999999 3
1 8 11 0.0 0.9999999999999999 2
1 9 0 1.0 0.9753086416357818 4
1 9 1 0.9852657548059129 0.9999999779946299 2
1 9 2 0.9999998545688797 0.9999999999999999 2
1 9 3 0.999486169865578 0.9999998305712527 2
1 9 4 0.9998543572666733 0.9999999999999999 2
1 9 5 0.99981255224021 0.9999999999999999 2
1 9 6 0.01202278949890839 0.9999999999999999 2
1 9 7 0.9862718766010873 0.9999999999999999 2
1 9 8 0.009004645836729146 0.9999999999999999 3
1 9 9 0.44504310344827586 0.9999999999999999 2
1 9 10 0.0033414843904351213 0.9999999999999999 2
1 9 11 0.0 0.9999999999999999 3
1 10 0 1.0 0.9998916153062032 5
1 10 1 0.9999808763423914 0.9999759043417821 2
1 10 2 0.7231648136705586 0.9999684234906044 3
1 10 3 0.7714380644896246 0.9999988581708693 2
1 10 4 0.6730631892113761 0.7777587472922733 4
1 10 5 0.6773955024769671 0.9999999999999999 2
1 10 6 0.7592383611819296 0.9506172839506172 3
1 10 7 0.6567690094265557 0.9999999999999999 2
1 10 8 0.9604944182458925 0.9999999999999999 2
1 10 9 0.5625080423217061 0.9999999999999999 2
1 10 10 0.6571352677197826 0.9999999999999999 2
1 10 11 0.0 0.9999999999999999 5
1 11 0 1.0 0.40217446444832905 3
1 11 1 0.4902079940362238 0.23045267489492322 2
1 11 2 0.6156594823170636 0.6666666593056817 2
1 11 3 0.4051141886142824 0.9506172839506171 4
1 11 4 0.629315309702204 0.9999707361682637 2
1 11 5 0.9436326891134035 0.9999999999999994 3
1 11 6 0.20595888423662717 0.9999999999999998 7
1 11 7 0.9949279043466797 0.9999999999999999 4
1 11 8 0.9947173873110969 0.9999999999999999 2
1 11 9 0.10716615392432742 0.9999999999999999 3
1 11 10 0.8833915752971585 0.9999999999999999 3
1 11 11 0.0 0.9999999999999999 3
2 0 0 1.0 0.9999999999999999 3
2 0 1 0.34506222507587925 0.9999999806630234 2
2 0 2 0.9895128771701363 0.9999999999999999 4
2 0 3 0.009950700646762196 0.9999999999999999 4
2 0 4 6.0193037137170575E-5 0.9999999999999999 4
2 0 5 4.6248592111224366E-4 0.9998458530674148 3
2 0 6 0.08307718633694769 0.9999277436253506 6
2 0 7 0.14749215718275133 0.832342568818215 3
2 0 8 0.014169417540569943 0.9780520667970823 2
2 0 9 0.7951538718916603 0.5556790123418772 2
2 0 10 0.5466534531707471 0.7202281019329848 2
2 0 11 0.0 0.946611796913223 5
2 1 0 1.0 0.9999999999999999 2
2 1 1 0.20805982086521527 0.9999999999999999 2
2 1 2 0.5672116984633255 0.9999999999999999 2
2 1 3 0.13970577486288155 0.9999999999999999 2
2 1 4 0.5942726010131886 0.9999999999999999 2
2 1 5 0.9910189381978383 0.9997859070380238 4
2 1 6 0.014821389927489619 0.9999868669826598 3
2 1 7 0.5624657859956187 0.9999971806688143 2
2 1 8 0.25099642367227726 0.9989161543802605 2
2 1 9 0.14984334713075065 0.9973687916243491 2
2 1 10 0.039186138213148716 0.9968467318103036 3
2 1 11 0.0 0.9871734899345477 3
2 2 0 1.0 0.9999999999999999 2
2 2 1 0.9812841090855632 0.9999999999999999 3
2 2 2 0.380952380952381 0.9999999999999999 2
2 2 3 0.05451941144716456 0.9999999999999999 2
2 2 4 0.0072258847625575814 0.9999999999999999 2
2 2 5 0.002441878364543311 0.9999999999999999 3
2 2 6 0.855181377865581 0.9991769547325103 2
2 2 7 1.5326739711716287E-5 0.9997145427168533 2
2 2 8 0.035152717347240306 0.9999995432683477 2
2 2 9 0.9385872942616019 0.9492158113506485 2
2 2 10 0.2518995364364413 0.9965345039866186 3
2 2 11 0.0 0.9604557059691241 3
2 3 0 1.0 0.9999999999999999 5
2 3 1 0.9999707274191495 0.9999999994690155 2
2 3 2 0.6251612797829493 0.9999999999999999 2
2 3 3 0.254167269589911 0.9999999999999999 2
2 3 4 0.7825584403843425 0.9999999999999999 2
2 3 5 0.4527858734587839 0.9999999999999999 3
2 3 6 1.882471603523397E-5 0.9999999999999999 3
2 3 7 1.0246315996112976E-6 0.9999999999999999 2
2 3 8 0.3765432885388583 0.9999999999988318 2
2 3 9 0.7148148226777767 0.9720321379580605 3
2 3 10 0.5582845322271627 0.7128486510699562 3
2 3 11 0.0 0.9797537554341998 2
2 4 0 1.0 0.9286694101508915 2
2 4 1 0.9998621644225124 0.9999999999999999 2
2 4 2 0.0405080689865719 0.9999999999999999 3
2 4 3 0.9947390611121901 0.9999999999999999 4
2 4 4 0.4780664839121359 0.9999999999999999 2
2 4 5 0.8931950904306617 0.9999999999999999 3
2 4 6 0.0973589741521298 0.9999999999999999 3
2 4 7 0.9970781529535809 0.995122694711172 2
2 4 8 8.248249935274672E-5 0.9969135802469135 2
2 4 9 0.5281265649926502 0.998780673677791 2
2 4 10 0.5555690408120174 0.9126200010035621 4
2 4 11 0.0 0.7361111111103957 2
2 5 0 1.0 0.9999661653656219 2
2 5 1 0.7583764599711689 0.9999998348048134 3
2 5 2 0.9999288671135665 0.9999999999999999 2
2 5 3 0.9484257595676805 0.9999999999999999 2
2 5 4 0.8796294169070172 0.9999999999999999 4
2 5 5 0.4774987627343035 0.9999999999999999 2
2 5 6 0.6125414573547185 0.9999999999999999 3
2 5 7 4.4329146356321045E-4 0.9999999999999999 3
2 5 8 5.9065821735488104E-5 0.9999999999997472 3
2 5 9 0.7440434992638331 0.9999999999999988 4
2 5 10 5.350577589944341E-8 0.749999999981868 2
2 5 11 0.0 0.9956104197245027 2
2 6 0 1.0 0.9576719576717792 7
2 6 1 0.46079527708170853 0.9999999999999999 2
2 6 2 0.5594573962915053 0.9999999999999999 2
2 6 3 0.9999841989992655 0.9999999999999999 2
2 6 4 0.949274681423492 0.9999999999999954 3
2 6 5 0.33802215425504256 0.9999999999427053 2
2 6 6 0.6367179990325849 0.9999999999999999 4
2 6 7 0.4767601228684473 0.9999999999999999 3
2 6 8 0.014223566169009823 0.9999999999999999 2
2 6 9 0.9983630595556365 0.999999975554242 2
2 6 10 3.934469500798091E-4 0.9999999999999999 5
2 6 11 0.0 0.9999999999999999 5
2 7 0 1.0 0.998093353620043 3
2 7 1 0.9781242696741995 0.9999845317812959 5
2 7 2 0.9205065636597944 0.9945710805486813 2
2 7 3 0.9835385370453927 0.9999999999999999 2
2 7 4 0.9999067949985782 0.9999999999999999 2
2 7 5 0.9999173507457401 0.9999999999999999 3
2 7 6 0.08016057515574423 0.9999999999999954 3
2 7 7 0.48014635002595824 0.9999999999999999 2
2 7 8 0.09734190106634509 0.9999999999999999 2
2 7 9 0.17145544920255246 0.9999999999999999 2
2 7 10 0.9587408746709895 0.999999984337049 2
2 7 11 0.0 0.9999999851491601 3
2 8 0 1.0 0.9997836768803187 2
2 8 1 0.639786662148812 0.9999864797698681 2
2 8 2 0.7079687774090652 0.9999999999661755 2
2 8 3 0.9886023307557538 0.9999996084221786 3
2 8 4 0.55684810334647 0.9722222144301369 2
2 8 5 0.9999946902177345 0.9999999999999999 2
2 8 6 0.8417348377909685 0.9999999129836054 2
2 8 7 0.23130162390515774 0.9999999999999999 3
2 8 8 0.6801939653602057 0.9999999999999999 2
2 8 9 0.0019922583602690206 0.9999999979879423 2
2 8 10 0.02547393176384203 0.9999999999999999 3
2 8 11 0.0 0.9999999999999999 2
2 9 0 1.0 0.9629629606710076 4
2 9 1 0.08981283731722203 0.9999999793698924 2
2 9 2 0.9689442149077749 0.9999999999999999 2
2 9 3 0.9925214570535089 0.9999997458568791 2
2 9 4 0.9975692177988068 0.9999999999999999 2
2 9 5 0.9983259095674853 0.9999999999999999 2
2 9 6 0.9864901798912652 0.9999999999999999 2
2 9 7 0.993972658250139 0.9999999999999999 2
2 9 8 0.4491817878697742 0.9999999999999999 3
2 9 9 0.6255152573890405 0.9999999999999999 2
2 9 10 2.8911255447028176E-4 0.9999999999999999 2
2 9 11 0.0 0.9999999999999999 3
2 10 0 1.0 0.012132951984922893 5
2 10 1 0.37382942795222773 0.9898634012310076 2
2 10 2 0.23929041710461732 0.9999736862422656 3
2 10 3 0.9651302814436529 0.9999993910244638 2
2 10 4 0.522044135827018 0.7777587472922735 3
2 10 5 0.9951226947110214 0.9999999999999999 3
2 10 6 0.7563160938170368 0.9259259259259259 3
2 10 7 0.9996656567369832 0.9999999999999999 2
2 10 8 0.9991304215782005 0.9999999999999999 2
2 10 9 0.0361217757593595 0.9999999999999999 2
2 10 10 0.8117468307216944 0.9999999999999999 2
2 10 11 0.0 0.9999999999999999 5
2 11 0 1.0 0.600365795893848 2
2 11 1 0.6237658045551673 0.6790123356532806 3
2 11 2 0.06817186667585495 0.8124999963287326 2
2 11 3 0.9632363473917317 0.7592592592592591 4
2 11 4 0.9894489850345103 0.9999739877051235 2
2 11 5 0.33342040961058717 0.9999999999999996 3
2 11 6 0.1392002539923638 0.9999999999999997 7
2 11 7 0.6666666657360083 0.9999999999999999 4
2 11 8 0.9999925657165649 0.9999999999999999 2
2 11 9 0.9843665317200178 0.9999999999999999 3
2 11 10 0.582282588165951 0.9999999999999999 3
2 11 11 0.0 0.9999999999999999 3
3 0 0 1.0 0.9999999999999999 3
3 0 1 7.214036162241921E-5 0.999999934737704 2
3 0 2 0.01961555677625052 0.9999999999999999 4
3 0 3 0.16822774780924005 0.9999999999999999 4
3 0 4 0.4722311017171338 0.9999999999999999 4
3 0 5 0.0020296295407785684 0.999479754102525 3
3 0 6 0.0018943132115358387 0.9998554872507015 6
3 0 7 0.20843099327013292 0.769106994485543 3
3 0 8 0.3711721636205487 0.9414722969319369 2
3 0 9 2.53662584051425E-5 0.4666666666416059 2
3 0 10 0.6545063628530465 0.006584362139917694 2
3 0 11 0.0 0.8943900803617688 5
3 1 0 1.0 0.9999999999999999 2
3 1 1 0.3422037917991058 0.9999999999999999 2
3 1 2 0.009999284675667793 0.9999999999999999 2
3 1 3 0.006791922103100823 0.9999999999999999 2
3 1 4 8.578445135584776E-5 0.9999999999999999 2
3 1 5 0.08972785093050858 0.9997859070380238 4
3 1 6 0.45494760773567566 0.9999843890548598 3
3 1 7 0.8342768038048399 0.9999961939028991 2
3 1 8 0.01544678818298075 0.9997591454178356 2
3 1 9 0.03539594801744948 0.9989488511331676 2
3 1 10 0.5555673322718815 0.9966851108581609 3
3 1 11 0.0 0.9905886071312856 3
3 2 0 1.0 0.9999999999999999 2
3 2 1 0.5703329285569723 0.9999999999999999 3
3 2 2 0.3210419210419211 0.9999999999999999 2
3 2 3 0.4971552395629797 0.9999999999999999 2
3 2 4 0.1279061674988618 0.9999999999999999 2
3 2 5 0.0018505879083461543 0.9999999999999999 3
3 2 6 3.6643319878027164E-4 0.9987654320987654 2
3 2 7 0.3474968724131061 0.9997859070376836 2
3 2 8 0.9919028306086476 0.9999995432683462 2
3 2 9 0.5529903305433608 0.9164896949990685 2
3 2 10 0.25859946491387276 0.9969550712120399 3
3 2 11 0.0 0.9008482189586352 3
3 3 0 1.0 0.9999999999999999 5
3 3 1 0.023640034935427164 0.9999999995280138 2
3 3 2 0.8646018321500083 0.9999999999999999 2
3 3 3 0.5048693295781753 0.9999999999999999 2
3 3 4 0.028381599621326366 0.9999999999999999 2
3 3 5 0.39110603079336237 0.9999999999999999 3
3 3 6 0.004400923186368153 0.9999999999999999 3
3 3 7 0.010498804370016757 0.9999999999999999 2
3 3 8 0.7946512978922388 0.9999999999974565 2
3 3 9 0.4497232964305393 0.9800274348422428 3
3 3 10 0.05353620385951874 0.9233179224000744 3
3 3 11 0.0 0.9896080837193587 2
3 4 0 1.0 0.8395061728395061 2
3 4 1 0.9993252432819112 0.9999999999999999 2
3 4 2 0.024933711913135398 0.9999999999999999 3
3 4 3 0.8143400795489416 0.9999999999999999 4
3 4 4 0.5529254198324444 0.9999999999999999 2
3 4 5 0.8127801813633262 0.9999999999999999 3
3 4 6 0.00499855312663231 0.9999999999999999 3
3 4 7 0.006934702159950741 0.992684042066758 2
3 4 8 0.0030876177930078577 0.9969135802469136 2
3 4 9 1.663834600396207E-6 0.9743941472336529 2
3 4 10 0.8020983556076383 0.9792591088907343 4
3 4 11 0.0 0.5308641975253701 2
3 5 0 1.0 0.9998858027614465 2
3 5 1 0.004042148367655587 0.9999999412639337 3
3 5 2 0.9999920596640978 0.9999999999999999 2
3 5 3 0.07941202018733767 0.9999999999999999 2
3 5 4 0.903929728491132 0.9999999999999999 4
3 5 5 0.8290338648680464 0.9999999999999999 2
3 5 6 6.264406311959371E-4 0.9999999999999999 3
3 5 7 0.9828571005906891 0.9999999999999999 3
3 5 8 0.0017626993391036006 0.9999999999996277 3
3 5 9 0.24120470834696772 0.9999999999999998 4
3 5 10 0.23740283495408243 0.7499999999701392 2
3 5 11 0.0 0.9934156295529991 2
3 6 0 1.0 0.9365079365075009 7
3 6 1 0.7555554708833206 0.9999999999999999 2
3 6 2 0.9999999980128613 0.9999999999999999 2
3 6 3 0.9999833438928082 0.9999999999999999 2
3 6 4 0.9916710967801664 0.9999999999999898 3
3 6 5 0.9378300922296771 0.9999999999427053 2
3 6 6 0.19133599059510092 0.9999999999999999 4
3 6 7 0.0028459831989330895 0.9999999999999999 3
3 6 8 1.8863025105351935E-7 0.9999999999999999 2
3 6 9 0.7127882973268218 0.9999999755542419 2
3 6 10 0.0040424707123934405 0.9999999999999999 5
3 6 11 0.0 0.9999999999999998 5
3 7 0 1.0 0.9971943996493988 3
3 7 1 0.9940461527177143 0.9999979989320085 5
3 7 2 0.6178757748719568 0.9939743266047724 2
3 7 3 0.034655507203064984 0.9999999999999999 2
3 7 4 0.9999991760064433 0.9999999999999999 2
3 7 5 0.837019421511645 0.9999999999999999 3
3 7 6 0.8556436958610016 0.999999999999994 3
3 7 7 0.8090052930546521 0.9999999999999999 2
3 7 8 0.44769628611511636 0.9999999999999999 2
3 7 9 3.864342517823202E-5 0.9999999999999999 2
3 7 10 0.1888715182564662 0.9999999804213112 2
3 7 11 0.0 0.999999966585516 3
3 8 0 1.0 0.9996755152380418 2
3 8 1 0.9998774217972249 0.9999836880049534 2
3 8 2 0.8680982553941217 0.9999999999782759 2
3 8 3 0.9999999164635976 0.9999996083348129 3
3 8 4 0.9999986045546041 0.9374998668649163 2
3 8 5 0.9983209532627442 0.9999999999999999 2
3 8 6 0.9521726169765203 0.9999999129836054 2
3 8 7 0.9945949601741022 0.9999999999999999 3
3 8 8 0.6803918557736125 0.9999999999999999 2
3 8 9 7.045114759988132E-4 0.9999999954728139 2
3 8 10 0.016242160786605793 0.9999999999999999 3
3 8 11 0.0 0.9999999999999999 2
3 9 0 1.0 0.962962961434776 4
3 9 1 0.9987573238506843 0.9999999702791161 2
3 9 2 0.8516794826804643 0.9999999999999999 2
3 9 3 0.9727536831238408 0.9999996022107674 2
3 9 4 0.8064190072583847 0.9999999999999999 2
3 9 5 0.9980825403927176 0.9999999999999999 2
3 9 6 0.042477783800418945 0.9999999999999999 2
3 9 7 0.724718747468125 0.9999999999999999 2
3 9 8 0.9995951123386985 0.9999999999999999 3
3 9 9 0.7734277626821615 0.9999999999999999 2
3 9 10 0.6654011905506834 0.9999999999999999 2
3 9 11 0.0 0.9999999999999999 3
3 10 0 1.0 0.06239202380633012 2
3 10 1 0.04087410962751317 0.9999967885791419 5
3 10 2 0.9999999999999999 0.9999972392845403 3
3 10 3 0.9932491511712207 0.9999989723537825 2
3 10 4 0.02681186304323741 0.7775850941120462 3
3 10 5 0.9243023835053422 0.9999999999999999 3
3 10 6 0.9934620071935604 0.8333333333333333 3
3 10 7 0.9790139168107463 0.9999999999999999 2
3 10 8 0.09215188566591426 0.9999999999999999 2
3 10 9 0.6540689614040711 0.9999999999999999 2
3 10 10 0.49095204618374183 0.9999999999999999 2
3 10 11 0.0 0.9999999999999999 5
3 11 0 1.0 0.26684587240778923 2
3 11 1 0.5833349372121902 0.9211502088257569 3
3 11 2 0.9062115955312724 0.44444443282978485 2
3 11 3 0.9931001343107805 0.7530864197530855 3
3 11 4 0.9996319449755183 0.9999739877051216 3
3 11 5 0.9464177836593165 0.9999999999999999 3
3 11 6 0.9963405261614017 0.9999999999999992 7
3 11 7 0.7763725774727336 0.9999999999999999 4
3 11 8 0.9965874495186117 0.9999999999999999 2
3 11 9 0.9963116097211511 0.9999999999999999 3
3 11 10 0.24867631026857456 0.9999999999999999 3
3 11 11 0.0 0.9999999999999999 3
4 0 0 1.0 0.9999999999999999 3
4 0 1 0.6989314248130089 0.9999999226520937 2
4 0 2 0.16244937222295286 0.9999999999999999 4
4 0 3 0.7636873585763071 0.9999999999999999 4
4 0 4 4.934470047105446E-5 0.9999999999999999 4
4 0 5 0.9314275008007231 0.9996531694016834 3
4 0 6 0.545744386707104 0.9998572713587174 6
4 0 7 6.282557302384861E-4 0.7164050058092876 3
4 0 8 0.002751911394690141 0.8719707147831179 2
4 0 9 0.2575452426299725 0.37037037035551956 2
4 0 10 0.00328345705589091 0.8330192935340512 3
4 0 11 0.0 0.006936611966333045 4
4 1 0 1.0 0.9999999999999999 2
4 1 1 0.8564888211225925 0.9999999999999999 2
4 1 2 0.40400983930981466 0.9999999999999999 2
4 1 3 0.0835680098014163 0.9999999999999999 2
4 1 4 0.004225850474772419 0.9999999999999999 2
4 1 5 0.022286631278803835 0.9997859070380238 4
4 1 6 0.02467042879363148 0.9998795727089179 3
4 1 7 0.4664135286120497 0.9999954890701027 2
4 1 8 0.004209594759972662 0.9999598575696393 2
4 1 9 0.0010838859926697222 0.9980146445997594 2
4 1 10 0.4726215436065453 0.9946284828543753 3
4 1 11 0.0 0.8084433234554876 3
4 2 0 1.0 0.9999999999999999 2
4 2 1 0.9992099393039525 0.9999999999999999 3
4 2 2 0.20684239019287542 0.9999999999999999 2
4 2 3 0.2414387535472456 0.9999999999999999 2
4 2 4 0.7425608742062181 0.9999999999999999 2
4 2 5 4.6869040722569095E-4 0.9999999999999999 3
4 2 6 2.3582643168753448E-4 0.9986831275720164 2
4 2 7 0.001972654048161367 0.99957181407438 2
4 2 8 0.0987663608425112 0.9999996574512598 2
4 2 9 0.0019957847843930067 0.9511619163745364 2
4 2 10 0.004640573156216202 0.996479195244617 3
4 2 11 0.0 0.661592641569861 3
4 3 0 1.0 0.9999999999999999 5
4 3 1 0.9999989179067219 0.9999999995280138 2
4 3 2 0.9999206289013095 0.9999999999999999 2
4 3 3 0.87943573050191 0.9999999999999999 2
4 3 4 0.021732150333365695 0.9999999999999999 2
4 3 5 2.809525103746044E-5 0.9999999999999999 3
4 3 6 0.15790550409015974 0.9999999999999999 3
4 3 7 3.438876807388968E-6 0.9999999999999999 2
4 3 8 0.5586493247452975 0.9999999999988554 2
4 3 9 0.6954820331685735 0.98148148148148 3
4 3 10 0.14825653483582563 0.9536655997475502 3
4 3 11 0.0 0.989118175982257 2
4 4 0 1.0 0.5185185185185184 2
4 4 1 0.9110855031053761 0.9999999999999999 2
4 4 2 0.14860372987068515 0.9999999999999999 3
4 4 3 0.9639838827390111 0.9999999999999999 4
4 4 4 0.48961791450356246 0.9999999999999999 2
4 4 5 0.8308684209865529 0.9999999999999999 3
4 4 6 0.018758950073300994 0.9999999999999999 3
4 4 7 0.022117086129488643 0.989026063100137 2
4 4 8 3.816839656455652E-4 0.9958847736625515 2
4 4 9 0.008231311852360593 0.965452420870801 2
4 4 10 0.01405841128240871 0.9851850598781668 4
4 4 11 0.0 0.2222222222221904 2
4 5 0 1.0 0.9992291202905549 2
4 5 1 0.9999682196092938 0.9999999765055735 3
4 5 2 0.9999999897004416 0.9999999999999999 2
4 5 3 0.01493313063834674 0.9999999999999999 2
4 5 4 0.40581180604383194 0.9999999999999999 4
4 5 5 0.20234148807335822 0.9999999999999999 2
4 5 6 0.00572618320534049 0.9999999999999999 3
4 5 7 0.00504457989332178 0.9999999999999999 3
4 5 8 4.326073574639614E-4 0.9999999999994059 3
4 5 9 6.94343115648835E-4 0.9999999999999996 4
4 5 10 5.680600203710826E-4 0.7499999999833098 2
4 5 11 0.0 0.9901234317206206 2
4 6 0 1.0 0.9047619047588417 7
4 6 1 0.3883707160148959 0.9999999999999999 2
4 6 2 0.843668314623611 0.9999999999999999 2
4 6 3 0.9999934079767213 0.9999999999999999 2
4 6 4 0.9866880803927447 0.9999999999999898 3
4 6 5 0.16964160563922376 0.9999999999140579 2
4 6 6 0.22594881916071674 0.9999999999999999 4
4 6 7 0.4326747482402691 0.9999999999999999 3
4 6 8 0.40724037524821677 0.9999999999999999 2
4 6 9 8.844871684373734E-4 0.999999975554242 2
4 6 10 0.001524202726536866 0.9999999999999997 5
4 6 11 0.0 0.9999999999999998 5
4 7 0 1.0 0.9873990327384298 3
4 7 1 0.5725769624092067 0.9999991106007962 5
4 7 2 0.9999200053713483 0.9926478903850069 2
4 7 3 0.9974916644814232 0.9999999999999999 2
4 7 4 0.8325917656491747 0.9999999999999999 2
4 7 5 0.9222600067469069 0.9999999999999999 3
4 7 6 0.9258261888654284 0.999999999999994 3
4 7 7 0.6343712734937015 0.9999999999999999 2
4 7 8 0.7613791410633108 0.9999999999999999 2
4 7 9 7.518181989957508E-5 0.9999999999999999 2
4 7 10 1.441212333767741E-4 0.9999999926579918 2
4 7 11 0.0 0.9999999554473548 3
4 8 0 1.0 0.9996086101028018 2
4 8 1 0.0703345540766396 0.9999565013920795 2
4 8 2 0.8623525838163537 0.9999999999999346 2
4 8 3 0.17216949111213792 0.9999996083688071 3
4 8 4 0.9999502821531154 0.9259255708990358 2
4 8 5 0.9999687167280632 0.9999999999999999 2
4 8 6 0.9986119621737694 0.9999997063196681 2
4 8 7 0.9844856464553872 0.9999999999999999 3
4 8 8 0.4250036246382611 0.9999999999999999 2
4 8 9 0.9782827629281845 0.9999999847125695 2
4 8 10 1.0288639646568174E-4 0.9999999999999999 3
4 8 11 0.0 0.9999999999999999 2
4 9 0 1.0 0.9444444392842372 4
4 9 1 0.7612203697088301 0.999999975242041 2
4 9 2 0.19437970838776716 0.9999999999999999 2
4 9 3 0.985945845497966 0.9999991712724322 2
4 9 4 0.49657049774349904 0.9999999999999999 2
4 9 5 0.9999991666011527 0.9999999999999999 2
4 9 6 0.7568655270928585 0.9999999999999999 2
4 9 7 0.010621714587381616 0.9999999999999999 2
4 9 8 0.0267841315533899 0.9999999999999999 3
4 9 9 0.41164536919586225 0.9999999999999999 2
4 9 10 0.09304244418508423 0.9999999999999999 2
4 9 11 0.0 0.9999999999999998 3
4 10 0 1.0 0.04969609380538215 2
4 10 1 5.749024932810515E-5 0.9999956527560924 5
4 10 2 0.7707882741604809 0.9999900841989123 3
4 10 3 0.9994749995789796 0.9999998830766971 2
4 10 4 0.9915834702944786 0.6665382108895124 3
4 10 5 0.50976104590097 0.9999999999999999 3
4 10 6 0.9921462879026519 0.7777777777777777 2
4 10 7 0.9999876796035461 0.9999999999999999 3
4 10 8 0.9813212176038554 0.9999999999999999 2
4 10 9 0.9706550826404159 0.9999999999999999 2
4 10 10 0.48370178464348224 0.9999999999999999 2
4 10 11 0.0 0.9999999999999999 5
4 11 0 1.0 0.006503073718437231 2
4 11 1 0.940862673372482 0.0034683059831665227 3
4 11 2 0.9787445804061597 0.4444444212014803 2
4 11 3 0.4186017655475046 0.8749999999999996 3
4 11 4 0.997592536241227 0.9999826584700781 3
4 11 5 0.9553726103419976 0.9999999999999999 3
4 11 6 0.9996341742486482 0.999999999999999 7
4 11 7 0.9267812960037493 0.9999999999999999 4
4 11 8 0.0010470868652908295 0.9999999999999999 2
4 11 9 0.8248055530321552 0.9999999999999999 3
4 11 10 0.4566485026550245 0.9999999999999999 3
4 11 11 0.0 0.9999999999999999 3
5 0 0 1.0 0.9999999999999999 3
5 0 1 0.02130607179312735 0.9999998839781404 2
5 0 2 0.28889356235994856 0.9999999999999999 4
5 0 3 6.345251680018083E-5 0.9999999999999999 4
5 0 4 5.9373516381645426E-5 0.9999999999999999 4
5 0 5 0.06367035284167777 0.9996531694016834 3
5 0 6 1.8739055796590455E-8 0.999896776607644 7
5 0 7 0.014896921947337105 0.858202499466959 2
5 0 8 0.5044194175420358 0.819753026274021 2
5 0 9 0.22281234244286446 0.7777777776775349 2
5 0 10 0.009885213981312592 0.0032515368592186157 5
5 0 11 0.0 0.03292181069958848 2
5 1 0 1.0 0.9999999999999999 2
5 1 1 0.4993804213135068 0.9999999999999999 2
5 1 2 0.5264730564491162 0.9999999999999999 2
5 1 3 0.8482943046267716 0.9999999999999999 2
5 1 4 0.09958954651029703 0.9999999999999999 2
5 1 5 8.26510031850516E-6 0.9996788605570963 4
5 1 6 0.0564421657592626 0.9998438905485972 3
5 1 7 0.01661309343539894 0.9999543268347896 2
5 1 8 0.015699192641893775 0.99999962831083 2
5 1 9 0.4555346865311211 0.996778569963552 2
5 1 10 0.20847503351878136 0.9994441667229343 3
5 1 11 0.0 0.021947873799725653 3
5 2 0 1.0 0.9999999999999999 2
5 2 1 0.9890370053137724 0.9999999999999999 3
5 2 2 0.4707671144013737 0.9999999999999999 2
5 2 3 0.39350229861955177 0.9999999999999999 2
5 2 4 5.964836622680946E-4 0.9999999999999999 2
5 2 5 0.026652352498946867 0.9999999999999999 3
5 2 6 5.557653483057973E-4 0.9992684042066758 2
5 2 7 0.8708978165021545 0.9993577211115658 2
5 2 8 0.6123491068982082 0.9999998394302779 2
5 2 9 0.013389647746444805 0.9609815576893767 2
5 2 10 0.004577357464066186 0.9964934842243446 4
5 2 11 0.0 0.7728618573689989 2
5 3 0 1.0 0.9999999999999999 5
5 3 1 0.9994489112327639 0.9999999984070465 2
5 3 2 0.021654295078572312 0.9999999999999999 2
5 3 3 0.4429378531073446 0.9999999999999999 2
5 3 4 0.04246000485230639 0.9999999999999999 2
5 3 5 0.0022893874710375383 0.9999999999999999 3
5 3 6 0.9164872495412252 0.9999999999999999 3
5 3 7 0.8589685987810255 0.9999999999999999 2
5 3 8 2.3158283143025264E-4 0.9999975336463316 2
5 3 9 0.020295013771344864 0.9659024103454913 3
5 3 10 5.447573211440535E-4 0.791495198881145 3
5 3 11 0.0 0.6817549442475698 2
5 4 0 1.0 0.4444444444444443 2
5 4 1 0.9881816638327886 0.9999999999999999 2
5 4 2 0.01305962985375864 0.9999999999999999 3
5 4 3 0.9799060806555511 0.9999999999999999 4
5 4 4 0.8388772476931957 0.9999999999999999 2
5 4 5 0.03899329111988632 0.9999999999999999 3
5 4 6 8.06397595152189E-4 0.9999999999999999 3
5 4 7 3.0931298136760766E-7 0.993415637860082 2
5 4 8 0.931994849625718 0.9978052126200274 2
5 4 9 1.0375178334608062E-4 0.9229995427526286 2
5 4 10 0.7397678199461595 0.9901234233744313 4
5 4 11 0.0 0.33333333333326176 2
5 5 0 1.0 0.9993574576304939 2
5 5 1 0.9693438114138863 0.9999999941263934 3
5 5 2 0.9984306320563406 0.9999999999999999 2
5 5 3 0.9988482207552426 0.9999999999999999 2
5 5 4 0.9065198953434651 0.9999999999999999 4
5 5 5 0.41093104058136737 0.9999999999999999 2
5 5 6 0.0031737894359170522 0.9999999999999999 3
5 5 7 0.6609501118532912 0.9999999999999999 3
5 5 8 2.291514615132839E-8 0.9999999999997157 3
5 5 9 0.7758228393334299 0.9999999999999999 4
5 5 10 0.03292187119497138 0.799999999988316 2
5 5 11 0.0 0.9901234305866967 2
5 6 0 1.0 0.8666666666374443 6
5 6 1 0.33364778325165945 0.9999999999999999 3
5 6 2 0.9999899076011168 0.9999999999999999 2
5 6 3 0.9371001267208986 0.9999999999999999 2
5 6 4 0.9767301838006343 0.9999999999999932 3
5 6 5 0.9628765689866899 0.9999999998710868 2
5 6 6 0.6862311654073778 0.9999999999999999 4
5 6 7 0.08701900384306305 0.9999999999999999 3
5 6 8 0.011635095299057957 0.9999999999999999 2
5 6 9 8.502123894854483E-6 0.9999999449970444 2
5 6 10 3.0871937323832425E-5 0.9999999999999991 5
5 6 11 0.0 0.9999999999999998 5
5 7 0 1.0 0.9806704168245598 3
5 7 1 0.9999999557561411 0.9999998305603953 5
5 7 2 0.9588141523813192 0.9871743877748292 2
5 7 3 0.8164213728880184 0.9999999999999999 2
5 7 4 0.9999981836850539 0.9999999999999999 2
5 7 5 0.9987050104048346 0.9999999999999999 3
5 7 6 0.7086192006901655 0.999999999999994 3
5 7 7 0.42910101946246526 0.9999999999999999 2
5 7 8 0.25350255251558007 0.9999999999999999 2
5 7 9 1.4528013644623033E-5 0.9999999999999999 2
5 7 10 9.452604873931372E-4 0.9999999941263934 2
5 7 11 0.0 0.9999999331710321 3
5 8 0 1.0 0.9998645187458042 2
5 8 1 0.08137919019476406 0.9999391581977868 2
5 8 2 0.9111094202201392 0.9999999999999917 2
5 8 3 0.9974038155542341 0.9999980171002474 3
5 8 4 0.9862161698123549 0.8888876201898553 2
5 8 5 0.9547437656706961 0.9999999999999999 2
5 8 6 0.9971079691766487 0.9999991189590044 2
5 8 7 0.7462531764064972 0.9999999999999999 3
5 8 8 0.4332776172773396 0.9999999999999999 2
5 8 9 2.3731097675280523E-4 0.9999999770622302 2
5 8 10 1.894360885019251E-4 0.9999999999999999 3
5 8 11 0.0 0.9999999999999999 2
5 9 0 1.0 0.9444443670464052 4
5 9 1 0.6666666366753431 0.99999998679734 2
5 9 2 0.6569050146164188 0.9999999999999999 2
5 9 3 0.9998779934631744 0.9999988950299096 2
5 9 4 0.6664245339747996 0.9999999999999999 2
5 9 5 0.9857021770034625 0.9999999999999999 2
5 9 6 0.9986548275758353 0.9999999999999999 2
5 9 7 0.8003573943527817 0.9999999999999999 2
5 9 8 0.9883534114686164 0.9999999999999999 3
5 9 9 0.5176133833062954 0.9999999999999999 2
5 9 10 0.9970430705144971 0.9999999999999999 2
5 9 11 0.0 0.9999999999999993 3
5 10 0 1.0 0.012345679012345682 2
5 10 1 0.7776529542824299 0.999999061193898 5
5 10 2 0.6642020360711931 0.9999955747047616 3
5 10 3 0.9989951451856964 0.9999990134596314 2
5 10 4 0.4999993304980537 0.6665810294818972 2
5 10 5 0.7099769263362751 0.9999999999999999 4
5 10 6 0.9835390901224429 0.7777777777777777 2
5 10 7 0.7649328705860302 0.9999999999999999 3
5 10 8 0.9991679801869852 0.9999999999999999 2
5 10 9 0.6507656099331678 0.9999999999999999 2
5 10 10 0.5328063318704516 0.9999999999999999 2
5 10 11 0.0 0.9999999999999999 5
5 11 0 1.0 0.00867076495791631 2
5 11 1 0.6291342782551449 0.0041666666666666675 2
5 11 2 0.8227422037232471 0.832716049382716 4
5 11 3 0.9971157646916 0.8333333333333333 2
5 11 4 0.9927486177442647 0.9999383412269431 3
5 11 5 0.9999934909236067 0.9999999999999999 3
5 11 6 0.9996131159376999 0.999999999999999 7
5 11 7 0.9999989120572909 0.9999999999999999 4
5 11 8 0.9998633800836736 0.9999999999999999 2
5 11 9 0.9964804901918598 0.9999999999999999 3
5 11 10 0.48309946722645136 0.9999999999999999 3
5 11 11 0.0 0.9999999999999999 3
6 0 0 1.0 0.9999999999999999 3
6 0 1 0.9960235949054956 0.9999994779016322 2
6 0 2 0.7418701507001827 0.9999999999999999 4
6 0 3 0.02722591516667462 0.9999999999999999 4
6 0 4 0.21875352057487668 0.9999999999999999 4
6 0 5 0.0069608991380306785 0.999794470756553 3
6 0 6 0.008536237495716643 0.999896776607644 7
6 0 7 0.5391581689435923 0.9556469818253491 2
6 0 8 0.004115768526694805 0.3555553550697823 2
6 0 9 0.0052753512054960015 0.0034683059831665227 5
6 0 10 0.653747608912068 0.01234567901234568 2
6 0 11 0.0 0.029263831732967538 2
6 1 0 1.0 0.9999999999999999 2
6 1 1 0.22258065196721316 0.9999999999999999 2
6 1 2 0.04671665485833311 0.9999999999999999 2
6 1 3 0.0013846170341537904 0.9999999999999999 2
6 1 4 5.566197810970845E-4 0.9999999999999999 2
6 1 5 0.0023508005349218864 0.9996788605571008 4
6 1 6 0.019846014825480908 0.9999464767595191 3
6 1 7 0.5880285868522823 0.9999657451260923 2
6 1 8 0.39923477280551967 0.99999653090108 2
6 1 9 0.03295146701886195 0.9981092915300099 2
6 1 10 2.823280137433752E-5 0.006858710562414267 4
6 1 11 0.0 0.019509221155311694 2
6 2 0 1.0 0.9999999999999999 2
6 2 1 0.30975409031519496 0.9999999999999999 3
6 2 2 0.5227272727272727 0.9999999999999999 2
6 2 3 0.4630669357534475 0.9999999999999999 2
6 2 4 0.6727323065970052 0.9999999999999999 2
6 2 5 3.2596078699310613E-4 0.9999999999999999 3
6 2 6 0.0021109592403404367 0.9985368084133516 2
6 2 7 1.3947464465251766E-6 0.9993577211082376 2
6 2 8 0.005101670349477916 0.9999999862980504 2
6 2 9 0.08336667623794825 0.9724161289776286 2
6 2 10 0.14826125928391215 0.9914351851842441 4
6 2 11 0.0 0.00867076495791631 2
6 3 0 1.0 0.9999999999999999 5
6 3 1 0.9999050471401567 0.999999998112055 2
6 3 2 0.9928033224727204 0.9999999999999999 2
6 3 3 0.522470567041696 0.9999999999999999 2
6 3 4 0.36684132369202427 0.9999999999999999 2
6 3 5 0.003447930449873289 0.9999999999999999 3
6 3 6 0.4070017054958259 0.9999999999999999 3
6 3 7 0.002926412073481286 0.9999999999999999 2
6 3 8 0.1778020364578065 0.9999990365809559 2
6 3 9 0.0019450988654251427 0.9934517660468835 3
6 3 10 0.00254823090849579 0.9890170310516103 3
6 3 11 0.0 0.37859812262737647 2
6 4 0 1.0 0.6666666666666665 2
6 4 1 0.4902260932350061 0.9999999999999999 2
6 4 2 0.3890801497062505 0.9999999999999999 3
6 4 3 0.10996755399225497 0.9999999999999999 4
6 4 4 0.3156364865909824 0.9999999999999999 2
6 4 5 0.8229835818421191 0.9999999999999999 3
6 4 6 9.145622029024367E-4 0.9999999999999999 3
6 4 7 2.1927986497691313E-8 0.9814814814814787 2
6 4 8 0.007016945108235034 0.9992196311537875 2
6 4 9 3.7176240358403048E-9 0.8459990855052576 2
6 4 10 3.85417012694303E-4 0.6888881370212508 4
6 4 11 0.0 0.44444444444419007 2
6 5 0 1.0 0.9993565353799311 2
6 5 1 0.0645945851100112 0.9999999823791801 3
6 5 2 0.011159731018351476 0.9999999999999999 2
6 5 3 0.010955689874543581 0.9999999999999999 2
6 5 4 0.15239313963350887 0.9999999999999999 4
6 5 5 0.3095592115677779 0.9999999999999999 2
6 5 6 0.9676980937094548 0.9999999999999999 3
6 5 7 0.004414067172370497 0.9999999999999999 3
6 5 8 0.07485771000957506 0.9999999999997132 3
6 5 9 4.980150848411847E-4 0.9999999999999999 4
6 5 10 0.8739829735501037 0.799999999985042 2
6 5 11 0.0 0.9851850932594207 2
6 6 0 1.0 0.8333333329466881 4
6 6 1 0.34131422507317155 0.9999999999999999 5
6 6 2 0.3332756706175689 0.9999999999999999 2
6 6 3 0.9999998574046106 0.9999999999999999 2
6 6 4 0.9999745308849531 0.9999999999999932 3
6 6 5 0.8442771805702547 0.9999999997099454 2
6 6 6 0.5338167526806191 0.9999999999999999 4
6 6 7 0.6396427429310516 0.9999999999999999 3
6 6 8 0.2889995941348604 0.9999999999999999 2
6 6 9 7.307190069702155E-8 0.9999999541642036 2
6 6 10 0.8141506029650819 0.9999999999999993 5
6 6 11 0.0 0.9999999999999998 5
6 7 0 1.0 0.9446283713388501 3
6 7 1 0.9950734187493024 0.9999998338903824 5
6 7 2 0.9737052568090129 0.9711425300895741 2
6 7 3 0.9949697967007355 0.9999999999999999 2
6 7 4 0.15198430936109047 0.9999999999999999 2
6 7 5 0.4597973409507775 0.9999999999999999 3
6 7 6 0.6016932433089788 0.9999999999999921 3
6 7 7 0.5467032967032966 0.9999999999999999 2
6 7 8 0.4994041725416043 0.9999999999999999 2
6 7 9 0.004439587491361937 0.9999999999999999 2
6 7 10 2.568049210824257E-7 0.9999999941263934 2
6 7 11 0.0 0.9999998120435277 3
6 8 0 1.0 0.9999661289250934 2
6 8 1 0.9999143744466066 0.9998481462155993 2
6 8 2 0.8282849980681272 0.999999906022279 2
6 8 3 0.9592256216381642 0.9999982367881044 3
6 8 4 0.9998354757356853 0.8888885364724907 2
6 8 5 0.06031093212623863 0.9999999999999999 2
6 8 6 0.999559764714274 0.9999986784385066 2
6 8 7 0.044283171077938846 0.9999999999999999 3
6 8 8 0.4429372667910448 0.9999999999999999 2
6 8 9 0.6285310588377411 0.9999999655966573 2
6 8 10 0.0010680344899966954 0.9999999999999999 3
6 8 11 0.0 0.9999999999999999 2
6 9 0 1.0 0.04938271604938272 4
6 9 1 0.9999999721520865 0.9999999968317146 2
6 9 2 0.9999997032686558 0.9999999999999999 2
6 9 3 0.4543851290351959 0.999998388953608 2
6 9 4 0.9839599178372501 0.9999999999999999 2
6 9 5 0.17985610145051778 0.9999999999999999 2
6 9 6 0.9994050060638621 0.9999999999999999 2
6 9 7 0.8512863206647573 0.9999999999999999 2
6 9 8 0.9912688127720756 0.9999999999999999 3
6 9 9 0.3692733264220082 0.9999999999999999 2
6 9 10 2.2031188588943467E-4 0.9999999999999999 2
6 9 11 0.0 0.9999999999999993 3
6 10 0 1.0 0.015607376924249353 2
6 10 1 0.9999999999858259 0.005852766346593508 5
6 10 2 0.999217521698106 0.9999929942894207 3
6 10 3 0.9883261805037427 0.9999971842493648 2
6 10 4 0.8873904363644859 0.6666506096945224 2
6 10 5 0.9980693224447706 0.9999999999999999 4
6 10 6 0.8631818224317905 0.7777777777777777 2
6 10 7 0.9999412170435165 0.9999999999999999 3
6 10 8 0.9991408241277869 0.9999999999999999 2
6 10 9 0.9379143503081109 0.9999999999999999 2
6 10 10 0.4978902953586498 0.9999999999999999 2
6 10 11 0.0 0.9999999999999999 5
6 11 0 1.0 0.01646090534979424 2
6 11 1 0.4623156321816464 0.014631915866483769 2
6 11 2 0.962962962962963 0.004877305288827922 4
6 11 3 0.9976751460574454 0.3333333333333329 2
6 11 4 0.9999985874501369 0.9999445071042298 3
6 11 5 0.9804546118602928 0.9999999999999999 3
6 11 6 0.9780521133363097 0.9999999999999998 7
6 11 7 0.04252587660665802 0.9999999999999999 4
6 11 8 0.9999951831887431 0.9999999999999999 2
6 11 9 0.9573224976821859 0.9999999999999999 3
6 11 10 0.7033234370495048 0.9999999999999999 3
6 11 11 0.0 0.9999999999999999 3
7 0 0 1.0 0.9999999999999999 3
7 0 1 0.985433902922258 0.9999988252786726 2
7 0 2 0.11180296282623316 0.9999999999999999 4
7 0 3 0.8755843333275825 0.9999999999999999 4
7 0 4 0.29269265075976436 0.9999999999999999 4
7 0 5 0.02097351355875344 0.9998916154380261 3
7 0 6 0.0035300178358011326 0.9999082458734613 7
7 0 7 4.715017413595649E-5 0.9859822578177397 2
7 0 8 0.01053941885552677 0.0025402631712645434 5
7 0 9 0.676250268570399 0.013006147436874463 2
7 0 10 0.4619037767974493 0.00867076495791631 2
7 0 11 0.0 0.021947873799725653 2
7 1 0 1.0 0.9999999999999999 2
7 1 1 0.13509730630786423 0.9999999999999999 2
7 1 2 0.5215739118406849 0.9999999999999999 2
7 1 3 0.00758612826068099 0.9999999999999999 2
7 1 4 1.6829767982085361E-4 0.9999999999999999 2
7 1 5 0.3615978087668957 0.9995182908356594 4
7 1 6 3.708656979283444E-6 0.9998996439240982 3
7 1 7 0.0027220283551819555 0.999614632668537 2
7 1 8 1.5053538775571055E-4 0.999993535937466 2
7 1 9 4.75437690765763E-9 0.0026012294873748922 4
7 1 10 0.4610773672032399 0.01646090534979424 2
7 1 11 0.0 0.019509221155311694 2
7 2 0 1.0 0.9999999999999999 2
7 2 1 0.9972425844372143 0.9999999999999999 3
7 2 2 0.5392504672897196 0.9999999999999999 2
7 2 3 0.06766864828562688 0.9999999999999999 2
7 2 4 7.864146136105027E-4 0.9999999999999999 2
7 2 5 0.0013086662408970562 0.9999999999999999 3
7 2 6 2.5267641983905704E-4 0.9985368084133516 2
7 2 7 0.9709805254386796 0.9990365816660377 2
7 2 8 0.16669502066072223 0.9999999689779299 2
7 2 9 0.10170459964449383 0.994400130964679 2
7 2 10 0.0023624447492760266 0.0048773052888279236 4
7 2 11 0.0 0.029263831732967538 2
7 3 0 1.0 0.9999999999999999 5
7 3 1 0.989812031160537 0.999999998112055 2
7 3 2 0.9639481707329607 0.9999999999999999 2
7 3 3 0.7002032177014701 0.9999999999999999 2
7 3 4 0.040411945991832024 0.9999999999999999 2
7 3 5 8.760240652688543E-4 0.9999999999999999 3
7 3 6 0.28032550716065086 0.9999999999999999 3
7 3 7 7.274920666092569E-4 0.9999999999999999 2
7 3 8 0.009876543212236459 0.9999995375586872 2
7 3 9 0.0014799256696770044 0.9897119341541422 3
7 3 10 0.011028305317979258 0.9471625260367039 3
7 3 11 0.0 0.009754610577655847 2
7 4 0 1.0 0.6666666666666665 2
7 4 1 0.999998942195874 0.9998536808413351 2
7 4 2 0.5556464289087131 0.9999999999999999 3
7 4 3 0.008480634381213211 0.9999999999999999 4
7 4 4 0.5547440582881352 0.9999999999999999 2
7 4 5 0.7145522031334617 0.9999999999999999 3
7 4 6 0.0553828016015635 0.9999999999999999 3
7 4 7 0.8229303001313052 0.9851851851851842 2
7 4 8 2.1982618407387724E-5 0.9996098155768938 2
7 4 9 3.121366088442031E-4 0.9912757201646084 3
7 4 10 0.043958040765904025 0.33333051385412193 3
7 4 11 0.0 0.4444444444438721 2
7 5 0 1.0 0.999809343827147 2
7 5 1 0.11295360363950813 0.9999999823791801 3
7 5 2 0.9971932218630903 0.9999999999999999 2
7 5 3 0.6839563874011452 0.9999999999999999 2
7 5 4 0.0756596709245708 0.9999999999999999 4
7 5 5 0.7559723825530147 0.9999999999999999 2
7 5 6 0.0014580373226468404 0.9999999999999999 3
7 5 7 0.6909468598484593 0.9999999999999999 3
7 5 8 0.8488361557295994 0.9999999999998485 3
7 5 9 0.04317359824769229 0.9999999999999994 4
7 5 10 9.500782601930356E-7 0.7999999999814978 2
7 5 11 0.0 0.9868311558976973 2
7 6 0 1.0 0.8518518489302984 3
7 6 1 0.9409825971130136 0.9999999999999999 6
7 6 2 0.9999830823553167 0.9999999999999999 2
7 6 3 0.9999091030866186 0.9999999999999998 2
7 6 4 0.9977767109183628 0.9999999999999932 3
7 6 5 0.9971708671206391 0.9999999994198907 2
7 6 6 0.33937483117566003 0.9999999999999999 4
7 6 7 0.003353696492596866 0.9999999999999999 3
7 6 8 0.001737147720458606 0.9999999999999999 2
7 6 9 7.288990037209282E-7 0.9999998968694582 2
7 6 10 0.006147705531258152 0.9999999999999993 5
7 6 11 0.0 0.9999999999999997 5
7 7 0 1.0 0.8733845832159793 3
7 7 1 0.9783214265768013 0.999999923949454 5
7 7 2 0.2423644808508736 0.9151822110678303 2
7 7 3 0.8218394614132073 0.9999999999999999 2
7 7 4 0.9999999999252369 0.9999999999999999 2
7 7 5 0.9949221383115504 0.9999999999999999 3
7 7 6 0.960493784334885 0.9999999999999841 3
7 7 7 0.5642510213882956 0.9999999999999999 2
7 7 8 0.14965335118515027 0.9999999999999999 2
7 7 9 2.789587400029737E-6 0.9999999999999999 2
7 7 10 3.139918473650247E-11 0.9999999962408916 2
7 7 11 0.0 0.9999998514911824 3
7 8 0 1.0 0.006503073718437231 2
7 8 1 0.9983601298150088 0.9911389981894586 2
7 8 2 0.9949799834682528 0.9999999867843851 2
7 8 3 0.9382534356317878 0.9999964753161937 3
7 8 4 0.9999866012512516 0.833332804708736 2
7 8 5 0.9999223939781898 0.9999999999999999 2
7 8 6 0.9993089913797527 0.99999801765776 2
7 8 7 0.986147093929621 0.9999999999999999 3
7 8 8 0.6334231375003934 0.9999999999999999 2
7 8 9 0.011843473728621445 0.9999999225179607 2
7 8 10 0.9972660056047782 0.9999999999999999 3
7 8 11 0.0 0.9999999999999999 2
7 9 0 1.0 0.019509221155311694 2
7 9 1 0.9999999999999999 0.006936611966333048 4
7 9 2 0.9506059832531448 0.9999999999999999 2
7 9 3 0.9851323337021879 0.9999984337048968 2
7 9 4 0.9999687983195701 0.9999999706319669 2
7 9 5 0.5939852235739658 0.9999999999999999 2
7 9 6 0.9977268315438718 0.9999999999999999 2
7 9 7 0.9944305207463102 0.9999999999999999 2
7 9 8 0.9995876677211201 0.9999999999999999 3
7 9 9 0.36080399344066433 0.9999999999999999 2
7 9 10 0.011397089292445265 0.9999999999999999 2
7 9 11 0.0 0.9999999999999993 3
7 10 0 1.0 0.019509221155311694 2
7 10 1 0.3837317296793544 0.009754610577655847 2
7 10 2 0.9999999999958573 0.0036579789666209422 6
7 10 3 0.8899965768407786 0.9999967876540469 2
7 10 4 0.9984669594160205 0.6666623848074282 2
7 10 5 0.8578992383552767 0.9999999999999999 4
7 10 6 0.9997309956965676 0.7777777777777777 2
7 10 7 0.9670781604380806 0.9999999999999999 3
7 10 8 0.7862602485439495 0.9999999999999999 2
7 10 9 0.5626025492782921 0.9999999999999999 2
7 10 10 0.8826814214061932 0.9999999999999999 2
7 10 11 0.0 0.9999999999999999 5
7 11 0 1.0 0.010973936899862827 2
7 11 1 0.34227845513163 0.006503073718437231 2
7 11 2 0.41573488994154467 0.004335382478958155 2
7 11 3 0.9279835390946503 0.0019509221155311692 4
7 11 4 0.9928024539252207 0.9999845853067337 3
7 11 5 0.959242540724919 0.9999999999999999 3
7 11 6 0.8054506489174517 0.9999999999999997 7
7 11 7 0.9999189753521871 0.9999999999999999 4
7 11 8 0.9999994176015254 0.9999999999999999 2
7 11 9 0.31119823500820665 0.9999999999999999 3
7 11 10 0.013441486740648753 0.9999999999999999 3
7 11 11 0.0 0.9999999999999999 3
8 0 0 1.0 0.9999999999999999 3
8 0 1 0.012501161542020554 0.9999982379180088 2
8 0 2 0.0010145116323666287 0.9999999999999999 4
8 0 3 0.9419940023498817 0.9999999999999999 4
8 0 4 0.0010509899010712983 0.9999999999999999 4
8 0 5 1.556919026911167E-5 0.9994513031550069 3
8 0 6 5.795943932780311E-4 0.9999311844050959 7
8 0 7 0.001316959135633118 0.002286236854138089 5
8 0 8 0.5194802082377661 0.011705532693187016 2
8 0 9 0.5744522160631551 0.019509221155311694 2
8 0 10 0.22824997668180663 0.014631915866483769 2
8 0 11 0.0 0.019509221155311694 2
8 1 0 1.0 0.9999999999999999 2
8 1 1 0.23566042545749868 0.9999999999999999 2
8 1 2 0.06059152961245002 0.9999999999999999 2
8 1 3 0.1060801806175882 0.9999999999999999 2
8 1 4 3.019271799980331E-4 0.9999999999999999 2
8 1 5 0.3336384459767616 0.9995182908356633 4
8 1 6 0.0021978165844949117 0.9999729038595065 3
8 1 7 0.019021615601024083 0.9999714542717435 2
8 1 8 1.2583423068177874E-13 0.0017341529915832618 4
8 1 9 0.3981229377372749 0.021947873799725653 2
8 1 10 0.6456667500972049 0.021947873799725653 2
8 1 11 0.0 0.04389574759945131 2
8 2 0 1.0 0.9999999999999999 2
8 2 1 0.011673920860993364 0.9999999999999999 3
8 2 2 0.6661993187643079 0.9999999999999999 2
8 2 3 0.008844208169025203 0.9999999999999999 2
8 2 4 2.4236586249537766E-4 0.9999999999999999 2
8 2 5 0.11289520718531451 0.9999999999999999 3
8 2 6 0.3603807169709009 0.9985368084133516 2
8 2 7 5.415723448398772E-5 0.9993577210918564 2
8 2 8 4.7576532404077943E-5 0.9999980241060814 2
8 2 9 2.0941929583904896E-5 0.0028902549859721035 4
8 2 10 0.42105040840754926 0.00867076495791631 2
8 2 11 0.0 0.04389574759945131 2
8 3 0 1.0 0.9999999999999999 5
8 3 1 0.9999939431032251 0.9999999957521237 2
8 3 2 0.9988252539083761 0.9999999999999999 2
8 3 3 0.3500818603492574 0.9999999999999999 2
8 3 4 0.6147414666005824 0.9999999999999999 2
8 3 5 0.5984896359603218 0.9999999999999999 3
8 3 6 3.178460388679804E-8 0.9999999999999999 3
8 3 7 6.112491870529425E-4 0.9999999999999999 2
8 3 8 0.010582018647414187 0.9999999139803986 2
8 3 9 3.474346854654037E-4 0.9979515317778439 3
8 3 10 0.017843310295341662 0.002438652644413962 3
8 3 11 0.0 0.04938271604938273 2
8 4 0 1.0 0.6666666666666665 2
8 4 1 0.9999847740496244 0.9998049077884469 2
8 4 2 0.9999964330455277 0.9999999999999999 3
8 4 3 0.9985237041669655 0.9999999999999999 4
8 4 4 0.13167518532900163 0.9999999999999999 2
8 4 5 0.0013906562114388062 0.9999999999999999 3
8 4 6 0.002313534205423605 0.9999999999999999 3
8 4 7 0.05186717068294816 0.9868312757201637 2
8 4 8 2.132202787896627E-4 0.9998451649114658 2
8 4 9 4.289312643080536E-5 0.9928888888888884 4
8 4 10 0.004972462967855376 0.3333291039873295 2
8 4 11 0.0 0.019509221155311694 2
8 5 0 1.0 0.9998092265389895 2
8 5 1 0.9963416905261223 0.9999999735687701 3
8 5 2 0.9493347758286166 0.9999999999999999 2
8 5 3 0.9999133895960769 0.9999999999999999 2
8 5 4 0.9905048736808513 0.9999999999999999 4
8 5 5 0.7399316441804199 0.9999999999999999 2
8 5 6 0.006706628480149529 0.9999999999999999 3
8 5 7 5.130231536735572E-4 0.9999999999999999 3
8 5 8 4.7903896110198935E-5 0.999999999999963 3
8 5 9 0.5350011127192542 0.9999999999999999 4
8 5 10 0.014788474911136076 0.7999999999859706 2
8 5 11 0.0 0.9835389293101978 2
8 6 0 1.0 0.8518517974827947 3
8 6 1 0.986983946615302 0.9999999999999999 6
8 6 2 0.7579020452119261 0.9999999999999999 2
8 6 3 0.9998328121994208 0.9999999999999999 2
8 6 4 0.04599907283953103 0.9999999999999863 3
8 6 5 0.007747540480533396 0.9999999994198907 2
8 6 6 0.448109279138861 0.9999999999999999 4
8 6 7 0.08100777738234963 0.9999999999999999 3
8 6 8 0.0029961206098605246 0.9999999999999999 2
8 6 9 1.3296703707769037E-7 0.9999998968694582 2
8 6 10 0.08761691032577534 0.9999999999999993 5
8 6 11 0.0 0.9999999999999997 5
8 7 0 1.0 0.01646090534979424 3
8 7 1 0.9906574781636163 0.9999999804892574 5
8 7 2 0.752581574573247 0.9244627184805396 2
8 7 3 0.9285703514701464 0.9999999999999999 2
8 7 4 0.3049883750013175 0.9999999999999999 2
8 7 5 0.9982036059687037 0.9999999999999999 3
8 7 6 0.9808487034841021 0.9999999999999761 3
8 7 7 0.46658900572766926 0.9999999999999999 2
8 7 8 0.012562503964860769 0.9999999999999999 2
8 7 9 5.372384253790909E-4 0.9999999999999999 2
8 7 10 3.33035772212938E-4 0.9999999947137541 2
8 7 11 0.0 0.9999996658506857 3
8 8 0 1.0 0.06584362139917696 2
8 8 1 0.9999995539694401 0.0028902549859721035 2
8 8 2 0.9190238951267308 0.9999999989675301 2
8 8 3 0.66095267710068 0.9999964754671444 3
8 8 4 0.9958547762712352 0.8333326271239103 2
8 8 5 0.9990107859865996 0.9999999999999999 2
8 8 6 0.9998774225597848 0.99999603531552 2
8 8 7 0.8771929964158001 0.9999999999999999 3
8 8 8 0.5216571418997006 0.9999999999999999 2
8 8 9 0.126966147121499 0.9999998837769409 2
8 8 10 0.22234822958691053 0.9999999999999999 3
8 8 11 0.0 0.9999999999999998 2
8 9 0 1.0 0.03292181069958848 2
8 9 1 0.16622420874207383 0.04444444444444445 2
8 9 2 0.9999999999999999 0.002469135802469136 4
8 9 3 0.9999977802563239 0.9999976505573451 2
8 9 4 0.4202859678901423 0.9999999118959004 2
8 9 5 0.6659151565655812 0.9999999999999999 2
8 9 6 0.7499950193074546 0.9999999999999999 2
8 9 7 0.999938473592408 0.9999999999999999 2
8 9 8 0.9977172981959381 0.9999999999999999 3
8 9 9 0.528966778783374 0.9999999999999999 2
8 9 10 0.9199745050500314 0.9999999999999999 2
8 9 11 0.0 0.999999999999999 3
8 10 0 1.0 0.013006147436874463 2
8 10 1 0.26575953623101645 0.019509221155311694 2
8 10 2 0.6684980616198896 0.03292181069958848 2
8 10 3 0.9999999999999991 0.0012485901539399488 6
8 10 4 0.9831930929445474 0.6666615284355806 2
8 10 5 0.7855230898453499 0.9999999999999999 4
8 10 6 0.19511760673123207 0.6666666666666665 2
8 10 7 0.1252857357963551 0.9999999999999999 3
8 10 8 0.9959570078469413 0.9999999999999999 2
8 10 9 0.8928496166642882 0.9999999999999999 2
8 10 10 0.5687088695429117 0.9999999999999999 2
8 10 11 0.0 0.9999999999999999 5
8 11 0 1.0 0.029263831732967538 2
8 11 1 0.3711625028032268 0.005780509971944207 2
8 11 2 0.82626827301427 0.0073159579332418845 2
8 11 3 0.40059240337910296 0.013006147436874463 2
8 11 4 0.9999852571716518 5.780509971944204E-4 5
8 11 5 0.9999011440647775 0.9999999999999999 3
8 11 6 0.9999998691856048 0.9999999999999998 7
8 11 7 0.8666663236734274 0.9999999999999999 4
8 11 8 0.9999990716735128 0.9999999999999999 2
8 11 9 0.9993681666956881 0.9999999999999999 3
8 11 10 0.9932344181378426 0.9999999999999999 3
8 11 11 0.0 0.9999999999999999 3
9 0 0 1.0 0.9999999999999999 3
9 0 1 0.09961600717448585 0.99999603531552 2
9 0 2 0.0062146428896126486 0.9999999999999999 4
9 0 3 0.005104161549114477 0.9999999999999999 4
9 0 4 9.32308575289154E-7 0.9999999999999999 4
9 0 5 4.0779004102091453E-7 0.9980490778844688 3
9 0 6 1.0973977346579833E-4 0.0011810279667422527 10
9 0 7 0.46654590733467194 0.014631915866483769 2
9 0 8 0.746991429557591 0.0073159579332418845 2
9 0 9 0.7012066030922843 0.021947873799725653 2
9 0 10 0.5393615724663662 0.00823045267489712 2
9 0 11 0.0 0.021947873799725653 2
9 1 0 1.0 0.9999999999999999 2
9 1 1 0.33319405892843573 0.9999999999999999 2
9 1 2 0.29494995188534556 0.9999999999999999 2
9 1 3 4.369619383646308E-4 0.9999999999999999 2
9 1 4 5.37784640318058E-4 0.9999999999999999 2
9 1 5 3.0448784172100962E-5 0.9983742315703817 4
9 1 6 0.002613822972504642 0.9999717748536526 3
9 1 7 2.4933249106458174E-16 0.001560737692424935 4
9 1 8 0.4073492158844413 0.021947873799725653 2
9 1 9 0.5927824740986588 0.014631915866483769 2
9 1 10 0.3961234529243496 0.006503073718437231 2
9 1 11 0.0 0.010973936899862827 2
9 2 0 1.0 0.9999999999999999 2
9 2 1 0.05573165871404896 0.9999999999999999 3
9 2 2 0.7092673923112686 0.9999999999999999 2
9 2 3 0.24488518565483647 0.9999999999999999 2
9 2 4 0.17139070112603966 0.9999999999999999 2
9 2 5 1.4917407930055983E-7 0.9999999999999999 3
9 2 6 5.796579943712393E-7 0.9990245389422344 2
9 2 7 0.0011232456392738298 0.9997859070377852 2
9 2 8 1.1951443114976966E-9 0.002469135802469136 4
9 2 9 0.32035639739186195 0.014631915866483769 2
9 2 10 0.6846480644212114 0.00867076495791631 2
9 2 11 0.0 0.024691358024691364 2
9 3 0 1.0 0.9999999999999999 5
9 3 1 0.9559410422683322 0.9999999952801376 2
9 3 2 0.9999387489457223 0.9999999999999999 2
9 3 3 0.5549221191217812 0.9999999999999999 2
9 3 4 0.7307000996581442 0.9999999999999999 2
9 3 5 3.486776466289254E-5 0.9999999999999999 3
9 3 6 2.278606694459081E-5 0.9999999999999999 3
9 3 7 7.057303474716646E-9 0.9999999999999999 2
9 3 8 0.16470006577494994 0.9999999368019519 2
9 3 9 2.7296852645292073E-5 0.002926383173296754 4
9 3 10 0.38672935953223586 0.03292181069958848 2
9 3 11 0.0 0.029263831732967538 2
9 4 0 1.0 0.6666666666666665 2
9 4 1 0.9012284588463157 0.9997073616826703 2
9 4 2 0.9967984428478638 0.9999999999999999 3
9 4 3 0.8498004694060862 0.9999999999999999 4
9 4 4 0.3324795941233792 0.9999999999999999 2
9 4 5 0.023688126115167886 0.9999999999999999 3
9 4 6 0.09303666259819607 0.9999999999999999 3
9 4 7 0.20081375260255302 0.9868312757201643 2
9 4 8 0.003169510396853918 0.9998824221046443 2
9 4 9 6.690564430722262E-9 0.9914037494284406 4
9 4 10 0.6166666666666667 0.0032515368592186157 2
9 4 11 0.0 0.09876543209876545 2
9 5 0 1.0 0.99935237662361 2
9 5 1 0.9999999993762078 0.9999998810594656 3
9 5 2 0.997431896902076 0.9999999999999999 2
9 5 3 0.9954602161330256 0.9999999999999999 2
9 5 4 0.997961551617987 0.9999999999999999 4
9 5 5 0.613212331264721 0.9999999999999999 2
9 5 6 0.03434703318203369 0.9999999999999999 3
9 5 7 9.269444766504429E-7 0.9999999999999999 3
9 5 8 9.416037724806507E-6 0.9999999999999368 3
9 5 9 0.0017797823149498146 0.9999999999999999 4
9 5 10 0.02859074021069529 0.7999999999759815 2
9 5 11 0.0 0.00823045267489712 2
9 6 0 1.0 0.006503073718437232 3
9 6 1 0.9999933121026501 0.9999999999999999 6
9 6 2 0.9999971036040913 0.9999999999999999 2
9 6 3 0.8061262321258053 0.9999999999999999 2
9 6 4 0.9993434302706382 0.9999999999999863 3
9 6 5 0.9874068335393515 0.9999999986947541 2
9 6 6 0.36818768612253555 0.9999999999999999 4
9 6 7 0.013741533257599288 0.9999999999999999 3
9 6 8 3.1327911095984905E-5 0.9999999999999999 2
9 6 9 8.034484092991731E-6 0.9999997679562808 2
9 6 10 0.012046204754368475 0.9999999999999993 5
9 6 11 0.0 0.9999999999999993 5
9 7 0 1.0 0.06584362139917696 2
9 7 1 0.9999999156923927 0.004115226337448561 6
9 7 2 0.9960956168539882 0.8327236657670243 2
9 7 3 0.9415180595882156 0.9999951829083568 2
9 7 4 0.9999988087961429 0.9999999999999999 2
9 7 5 0.9999466798352227 0.9999999999999999 3
9 7 6 0.8355448165691165 0.9999999999999643 3
9 7 7 0.4999211818289364 0.9999999999999999 2
9 7 8 0.03165879760221735 0.9999999999999999 2
9 7 9 6.405892419349697E-4 0.9999999999999999 2
9 7 10 0.6343201679775148 0.9999999970631966 2
9 7 11 0.0 0.9999995544647547 3
9 8 0 1.0 0.019509221155311694 2
9 8 1 0.288432050384819 0.04938271604938273 2
9 8 2 0.9999999999999922 0.0032921810699588485 2
9 8 3 0.9999550298700554 0.9999964744946649 3
9 8 4 0.9960450473289126 0.8333325501857818 2
9 8 5 0.9910805730788567 0.9999999999999999 2
9 8 6 0.9993978232243106 0.99999603531552 2
9 8 7 0.9770796966434513 0.9999999999999999 3
9 8 8 0.3742459228257615 0.9999999999999999 2
9 8 9 0.37375612626406596 0.9999997659191345 2
9 8 10 0.8433278175938269 0.9999999999999999 3
9 8 11 0.0 0.9999999999999994 2
9 9 0 1.0 0.06584362139917696 2
9 9 1 0.6259377190127341 0.021947873799725653 2
9 9 2 0.3623210561868949 0.024691358024691364 2
9 9 3 0.9999999999999999 0.0016931216931216928 4
9 9 4 0.9947975410194572 0.9999999477901632 2
9 9 5 0.9999979318363431 0.9999999999999999 2
9 9 6 0.9983089455864403 0.9999999999999999 2
9 9 7 0.9440829552733134 0.9999999999999999 2
9 9 8 0.9316603599755235 0.9999999999999999 3
9 9 9 0.2995391705069125 0.9999999999999999 2
9 9 10 0.054462169113519324 0.9999999999999999 2
9 9 11 0.0 0.999999999999998 3
9 10 0 1.0 0.013006147436874463 2
9 10 1 0.2713018654907614 0.009754610577655847 2
9 10 2 0.5223085335981771 0.006503073718437231 2
9 10 3 0.4262787313442755 0.021947873799725653 2
9 10 4 0.9999999999999999 0.0022862368541380885 6
9 10 5 0.9995744892146257 0.9999999999999999 4
9 10 6 0.5265943032306302 0.6666666666666665 2
9 10 7 0.9213775721696721 0.9999999999999999 3
9 10 8 0.9999930144993765 0.9999999999999999 2
9 10 9 0.9865109695733528 0.9999999999999999 2
9 10 10 0.7533148410741299 0.9999999999999999 2
9 10 11 0.0 0.9999999999999999 5
9 11 0 1.0 0.019509221155311694 2
9 11 1 0.4053318866068605 0.027777777777777787 2
9 11 2 0.6819471316611044 0.006172839506172841 2
9 11 3 0.5000621091913646 0.014631915866483769 2
9 11 4 0.30801034149993933 0.021947873799725653 2
9 11 5 0.9999962673684014 0.0019135074680238253 6
9 11 6 0.9999999862306048 0.9999999999999986 7
9 11 7 0.28375342949720217 0.9999999999999999 4
9 11 8 0.666666299621653 0.9999999999999999 2
9 11 9 0.9756153359811462 0.9999999999999999 3
9 11 10 0.9040195842189701 0.9999999999999999 3
9 11 11 0.0 0.9999999999999999 3
10 0 0 1.0 0.9999999999999999 3
10 0 1 0.013531530885948693 0.9999940529732798 2
10 0 2 2.1617231217725372E-5 0.9999999999999999 4
10 0 3 0.0020398399582834403 0.9999999999999999 4
10 0 4 0.0030508556367527216 0.9999999999999999 4
10 0 5 6.483481167383449E-12 5.261548632240769E-4 11
10 0 6 0.49338436193913837 0.03292181069958848 2
10 0 7 0.5214996084739056 0.0073159579332418845 2
10 0 8 0.6212984276201635 0.04938271604938272 2
10 0 9 0.4056878752566162 0.006503073718437231 2
10 0 10 0.315100350260488 0.014631915866483769 2
10 0 11 0.0 0.00867076495791631 2
10 1 0 1.0 0.9999999999999999 2
10 1 1 0.5227169584651847 0.9999999999999999 2
10 1 2 0.7246884916713888 0.9999999999999999 2
10 1 3 1.8734929251986826E-4 0.9999999999999999 2
10 1 4 0.004883313109718674 0.9999999999999999 2
10 1 5 0.03292182322015233 0.9983742315703772 4
10 1 6 6.608335305183722E-19 0.0018750000000000004 5
10 1 7 0.6167702296284554 0.03292181069958848 2
10 1 8 0.4071311337233978 0.02469135802469136 2
10 1 9 0.7268029680922955 0.01646090534979424 2
10 1 10 0.42217939071987687 0.018518518518518524 2
10 1 11 0.0 0.03703703703703705 2
10 2 0 1.0 0.9999999999999999 2
10 2 1 0.9978876792339936 0.9999999999999999 3
10 2 2 0.34064694330320044 0.9999999999999999 2
10 2 3 0.7651252710387403 0.9999999999999999 2
10 2 4 5.238597334847664E-4 0.9999999999999999 2
10 2 5 2.4363542646866086E-4 0.9999999999999999 3
10 2 6 9.629005119124151E-6 0.9969135802469137 2
10 2 7 3.193181177417496E-14 0.0020066627474034883 4
10 2 8 0.6437738819857638 0.01646090534979424 2
10 2 9 0.6101192377685768 0.010404917949499569 2
10 2 10 0.5865392261042922 0.013006147436874463 2
10 2 11 0.0 0.019509221155311694 2
10 3 0 1.0 0.9999999999999999 5
10 3 1 0.9986068503594933 0.9999999937068501 2
10 3 2 0.9799852632350639 0.9999999999999999 2
10 3 3 0.8119136484917632 0.9999999999999999 2
10 3 4 0.3498203270957477 0.9999999999999999 2
10 3 5 0.01866284060530781 0.9999999999999999 3
10 3 6 2.3246974568140373E-8 0.9999999999999999 3
10 3 7 6.4523433118201155E-9 0.9999999999999999 2
10 3 8 2.4342931530701233E-10 0.00270899470899471 4
10 3 9 0.4586947702152136 0.04938271604938273 2
10 3 10 0.37612627182240066 0.021947873799725653 2
10 3 11 0.0 0.06584362139917696 2
10 4 0 1.0 0.6666666666666665 2
10 4 1 0.9988438980044178 0.9994147233653407 2
10 4 2 0.9999743405184034 0.9999999999999999 3
10 4 3 0.9701244316285872 0.9999999999999999 4
10 4 4 0.7977511553702179 0.9999999999999999 2
10 4 5 0.40859296525327865 0.9999999999999999 3
10 4 6 0.020117610331182666 0.9999999999999999 3
10 4 7 7.051663355307685E-6 0.9929766803840877 2
10 4 8 4.2823766840775683E-7 0.9998824221046443 2
10 4 9 0.002238683127572017 0.0031214753848498706 4
10 4 10 0.5885661628371086 0.06584362139917696 2
10 4 11 0.0 0.06584362139917696 2
10 5 0 1.0 0.006096631611034903 2
10 5 1 0.9852508035333197 0.9999999682825241 3
10 5 2 0.9999993620261151 0.9999999999999999 2
10 5 3 0.9999777769349355 0.9999999999999999 2
10 5 4 0.9899120693827291 0.9999999999999999 4
10 5 5 0.4227082670064152 0.9999999999999999 2
10 5 6 0.13577460276221415 0.9999999999999999 3
10 5 7 1.8254776181155798E-5 0.9999999999999999 3
10 5 8 0.03143525773779306 0.9999999999999573 3
10 5 9 3.612147187228205E-6 0.9999999999999999 4
10 5 10 1.0833475227103007E-17 0.0027777777777777788 2
10 5 11 0.0 0.09876543209876545 2
10 6 0 1.0 0.04938271604938272 2
10 6 1 0.9999999999999999 0.002709614049348847 7
10 6 2 0.9997858929693535 0.9999999999999999 2
10 6 3 0.9247064953478185 0.9999999999999999 2
10 6 4 0.9997368747053732 0.9999999999999797 3
10 6 5 0.03367260182720677 0.9999999882527867 2
10 6 6 0.5237913871295572 0.9999999999999999 4
10 6 7 0.0015978087548589718 0.9999999999999999 3
10 6 8 9.759355649826188E-6 0.9999999999999999 2
10 6 9 0.0012881250519264052 0.9999993038688418 2
10 6 10 0.021983570677608782 0.9999999999999997 5
10 6 11 0.0 0.00867076495791631 5
10 7 0 1.0 0.03292181069958848 2
10 7 1 0.5557650138067227 0.019509221155311694 2
10 7 2 0.9999698604210062 0.0011705532693187018 6
10 7 3 0.9999999997800749 0.9999963871812675 2
10 7 4 0.9999999990705642 0.9999999999999999 2
10 7 5 0.9996005753910819 0.9999999999999999 3
10 7 6 0.9984273578426774 0.9999999999998928 3
10 7 7 0.7374800678620456 0.9999999999999999 2
10 7 8 0.0711974850494839 0.9999999999999999 2
10 7 9 0.20883697738412915 0.9999999999999999 2
10 7 10 1.1003014723409701E-4 0.9999999980421311 2
10 7 11 0.0 0.9999971805078544 3
10 8 0 1.0 0.06584362139917696 2
10 8 1 0.4303338899309842 0.019509221155311694 2
10 8 2 0.3610968265911547 0.021947873799725653 2
10 8 3 0.9999999999999999 0.0033061224489795917 3
10 8 4 0.970129515774947 0.8333329417595575 2
10 8 5 0.9827536025350914 0.9999999999999999 2
10 8 6 0.9998607469688605 0.99999603531552 2
10 8 7 0.9981502750278088 0.9999999999999999 3
10 8 8 0.6939756619028495 0.9999999999999999 2
10 8 9 4.3755958423831204E-4 0.999999468734473 2
10 8 10 0.0010602303368792382 0.9999999999999999 3
10 8 11 0.0 0.9999999999999997 2
10 9 0 1.0 0.019509221155311694 2
10 9 1 0.6547986819948547 0.011705532693187016 2
10 9 2 0.5479744004301008 0.012345679012345682 2
10 9 3 0.6343926902465036 0.029263831732967538 2
10 9 4 0.9999999999999999 0.0014288980338363056 4
10 9 5 0.7999997895948028 0.9999999999999999 2
10 9 6 0.9703702918183561 0.9999999999999999 2
10 9 7 0.9467881594681385 0.9999999999999999 2
10 9 8 0.9996886794222851 0.9999999999999999 3
10 9 9 0.36371588693957113 0.9999999999999999 2
10 9 10 3.0224446068537766E-4 0.9999999999999999 2
10 9 11 0.0 0.9999999999999954 3
10 10 0 1.0 0.029263831732967538 2
10 10 1 0.5968190859143868 0.00867076495791631 2
10 10 2 0.5369031080330691 0.019509221155311694 2
10 10 3 0.7616079892226212 0.00823045267489712 2
10 10 4 0.35297144473523423 0.019509221155311694 2
10 10 5 0.9999999999999999 0.0012096491291735917 8
10 10 6 0.8382580550989619 0.6666666666666665 2
10 10 7 0.9999973704523656 0.9999999999999999 3
10 10 8 0.9660007426768825 0.9999999999999999 2
10 10 9 0.6018601607682111 0.9999999999999999 2
10 10 10 0.5542516094420601 0.9999999999999999 2
10 10 11 0.0 0.9999999999999999 5
10 11 0 1.0 0.014631915866483769 2
10 11 1 0.6830771606384516 0.010973936899862827 2
10 11 2 0.4720271321322166 0.021947873799725653 2
10 11 3 0.2809248839114761 0.014631915866483769 2
10 11 4 0.7027070364964413 0.014631915866483769 2
10 11 5 0.27771666831293074 0.021947873799725653 2
10 11 6 0.9999995811696492 0.0020066627474034883 11
10 11 7 0.9966702480408693 0.9999999999999999 4
10 11 8 0.48417594596812596 0.9999999999999999 2
10 11 9 0.9989124011054901 0.9999999999999999 3
10 11 10 0.534707682134901 0.9999999999999999 3
10 11 11 0.0 0.9999999999999999 3
11 0 0 1.0 0.9999999999999999 3
11 0 1 0.0016665144521707058 0.9999881059465597 2
11 0 2 2.022808011331472E-5 0.9999999999999999 4
11 0 3 1.341352278449799E-6 0.9999999999999999 4
11 0 4 4.143868058978936E-92 9.865403685451442E-4 13
11 0 5 0.7788266863943915 0.03950617283950618 2
11 0 6 0.7475465479981136 0.013168724279835394 2
11 0 7 0.7573660295636038 0.019509221155311694 2
11 0 8 0.4425675738949835 0.006503073718437231 2
11 0 9 0.38931921369526445 0.019509221155311694 2
11 0 10 0.5334612194883323 0.01463191586648377 2
11 0 11 0.0 0.029263831732967538 2
11 1 0 1.0 0.9999999999999999 2
11 1 1 0.4057925636007828 0.9999999999999999 2
11 1 2 0.006017010603289234 0.9999999999999999 2
11 1 3 4.711243808718467E-5 0.9999999999999999 2
11 1 4 1.3751961808633306E-5 0.9999999999999999 2
11 1 5 6.081528942102995E-24 9.183673469387755E-4 7
11 1 6 0.8820974665681255 0.03292181069958848 2
11 1 7 0.4916071964661209 0.014631915866483769 2
11 1 8 0.28203330420637773 0.029263831732967538 2
11 1 9 0.4647986337347819 0.005780509971944207 2
11 1 10 0.7645720733840453 0.01872885230909923 2
11 1 11 0.0 0.019509221155311694 2
11 2 0 1.0 0.9999999999999999 2
11 2 1 0.9999380019650859 0.9999999999999999 3
11 2 2 0.6674001322943602 0.9999999999999999 2
11 2 3 0.05092724019993368 0.9999999999999999 2
11 2 4 4.381415468310061E-5 0.9999999999999999 2
11 2 5 5.2055997476128715E-5 0.9999999999999999 3
11 2 6 1.8603738882104335E-15 0.0010451368476059836 4
11 2 7 0.2712449916974594 0.03292181069958848 2
11 2 8 0.4546963174966011 0.013006147436874463 2
11 2 9 0.6423233835754875 0.013006147436874463 2
11 2 10 0.1868920006943966 0.013006147436874463 2
11 2 11 0.0 0.04389574759945131 2
11 3 0 1.0 0.9999999999999999 5
11 3 1 0.9952138077943707 0.9999999905602751 2
11 3 2 0.011519382426211103 0.9999999999999999 2
11 3 3 0.33520494346387203 0.9999999999999999 2
11 3 4 0.9363180860430348 0.9999999999999999 2
11 3 5 2.312483930578326E-4 0.9999999999999999 3
11 3 6 0.009673018515740425 0.9999999999999999 3
11 3 7 7.642992631303373E-13 0.0021164021164021165 4
11 3 8 0.4001457851862583 0.06584362139917696 2
11 3 9 0.23360234265358276 0.029263831732967538 2
11 3 10 0.5439500754693245 0.029263831732967538 2
11 3 11 0.0 0.04389574759945131 2
11 4 0 1.0 0.0036579789666209422 2
11 4 1 0.9999774380347672 0.9986831275720165 2
11 4 2 0.9999983361235258 0.9999999999999999 3
11 4 3 0.997813252294766 0.9999999999999999 4
11 4 4 0.37557550644567217 0.9999999999999999 2
11 4 5 0.00486845475745773 0.9999999999999999 3
11 4 6 2.754030826311536E-6 0.9999999999999999 3
11 4 7 0.003164450520628511 0.9934156378600824 2
11 4 8 5.165201781571238E-6 0.0018518518518518521 4
11 4 9 0.6338597973843945 0.03292181069958848 2
11 4 10 0.17261523782977667 0.029263831732967538 2
11 4 11 0.0 0.22222222222222227 2
11 5 0 1.0 0.1481481481481482 2
11 5 1 0.9999999998746963 0.004161967179799828 3
11 5 2 0.966919711444511 0.9999999999999999 2
11 5 3 0.9999863361009914 0.9999999999999999 2
11 5 4 0.026883394449333207 0.9999999999999999 4
11 5 5 0.8218181432762907 0.9999999999999999 2
11 5 6 0.002781657142131664 0.9999999999999999 3
11 5 7 1.4680164521849904E-5 0.9999999999999999 3
11 5 8 0.0019268444051460856 0.9999999999999923 3
11 5 9 8.92854035103716E-33 0.0015414693258517884 4
11 5 10 0.5719749678320774 0.04938271604938273 2
11 5 11 0.0 0.04389574759945131 2
11 6 0 1.0 0.04938271604938273 2
11 6 1 0.39138121562998507 0.09876543209876545 2
11 6 2 0.9999999999999999 0.0011561019943888409 7
11 6 3 0.9999983080603622 0.9999999999999999 2
11 6 4 0.9999999994666284 0.9999999999999954 3
11 6 5 0.9990975467623235 0.999999984337049 2
11 6 6 0.5338079041310826 0.9999999999999999 4
11 6 7 9.72481200709171E-5 0.9999999999999999 3
11 6 8 5.385134826389388E-4 0.9999999999999999 2
11 6 9 0.0016810346585368172 0.9999989558032624 2
11 6 10 1.4083134998861265E-29 0.005486968449931413 8
11 6 11 0.0 0.09876543209876545 2
11 7 0 1.0 0.04389574759945131 2
11 7 1 0.6435323074547548 0.019509221155311694 2
11 7 2 0.7414775705945109 0.055555555555555566 2
11 7 3 0.9999999999852046 0.002222222222222223 6
11 7 4 0.9999998235388315 0.9999999999999999 2
11 7 5 0.999999416662941 0.9999999999999999 3
11 7 6 0.5199657006579386 0.9999999999998928 3
11 7 7 0.5503134517831932 0.9999999999999999 2
11 7 8 0.0029756018227368557 0.9999999999999999 2
11 7 9 4.863360349557955E-4 0.9999999999999999 2
11 7 10 7.95127515857017E-5 0.9999999988986987 2
11 7 11 0.0 0.004335382478958155 3
11 8 0 1.0 0.04389574759945131 2
11 8 1 0.6456934755343643 0.027777777777777787 2
11 8 2 0.7502359237836559 0.03292181069958848 2
11 8 3 0.36135707835111586 0.0740740740740741 2
11 8 4 0.9999999999999999 0.001837154614932393 3
11 8 5 0.9804628578298122 0.9999999999999999 2
11 8 6 0.8173297650445442 0.99999603531552 2
11 8 7 0.8750051182055928 0.9999999999999999 3
11 8 8 0.3920736442096638 0.9999999999999999 2
11 8 9 0.9996631340205867 0.9999916007425089 2
11 8 10 0.0026528203182217755 0.9999999999999999 3
11 8 11 0.0 0.9999999999999996 2
11 9 0 1.0 0.09876543209876545 2
11 9 1 0.7751017339658504 0.019509221155311694 2
11 9 2 0.2881793596277249 0.04938271604938273 2
11 9 3 0.8265800073864761 0.01646090534979424 2
11 9 4 0.2445275722130164 0.04389574759945131 2
11 9 5 0.9999999999999999 0.0010288065843621398 4
11 9 6 0.9999342537627703 0.9999999999999999 2
11 9 7 0.9500070986103967 0.9999999999999999 2
11 9 8 0.9995823025057925 0.9999999999999999 3
11 9 9 0.5498479211210562 0.9999999999999999 2
11 9 10 0.0010897449013304388 0.9999999999999999 2
11 9 11 0.0 0.9999999999999931 3
11 10 0 1.0 0.013006147436874463 2
11 10 1 0.1985904111750485 0.00823045267489712 2
11 10 2 0.6036590575882691 0.010973936899862827 2
11 10 3 0.5743445224756859 0.01646090534979424 2
11 10 4 0.6923862211528943 0.010404917949499569 2
11 10 5 0.5326877034253494 0.019509221155311694 2
11 10 6 0.9999999999999999 7.314285714285717E-4 8
11 10 7 0.7678916407809183 0.9999999999999999 3
11 10 8 0.9992496167425743 0.9999999999999999 2
11 10 9 0.7971069721539326 0.9999999999999999 2
11 10 10 0.5001720133003985 0.9999999999999999 2
11 10 11 0.0 0.9999999999999999 5
11 11 0 1.0 0.019509221155311694 2
11 11 1 0.7530504268187178 0.006503073718437231 2
11 11 2 0.7219808792161929 0.005486968449931413 2
11 11 3 0.5558077662891239 0.013168724279835394 2
11 11 4 0.65002711267483 0.014631915866483769 2
11 11 5 0.5229006529800981 0.021947873799725653 2
11 11 6 0.5072021605717283 0.03292181069958848 2
11 11 7 0.9999999999999999 7.2002924355571E-4 13
11 11 8 0.9999999706355529 0.9999999999999999 2
11 11 9 0.9997658027316526 0.9999999999999999 3
11 11 10 0.9867225929766549 0.9999999999999999 3
11 11 11 0.0 0.9999999999999999 3
12 0 0 1.0 0.9999999999999999 3
12 0 1 4.667709802496662E-4 0.9999762118931196 2
12 0 2 2.2345283947404194E-5 0.9999999999999999 4
12 0 3 4.807122794871144E-100 5.035466464449176E-4 15
12 0 4 0.3733092892419628 0.04389574759945131 2
12 0 5 0.3203666983687191 0.03292181069958848 2
12 0 6 0.3940780595528163 0.024691358024691364 2
12 0 7 0.5139677664959049 0.018518518518518524 2
12 0 8 0.20356412247445355 0.021947873799725653 2
12 0 9 0.8027544890323056 0.013006147436874463 2
12 0 10 0.667884745755224 0.024999999999999994 2
12 0 11 0.0 0.024691358024691364 2
12 1 0 1.0 0.9999999999999999 2
12 1 1 0.3282664145357053 0.9999999999999999 2
12 1 2 0.007074938201480148 0.9999999999999999 2
12 1 3 1.852484953407474E-5 0.9999999999999999 2
12 1 4 1.1812898105149431E-107 0.0011340460586002424 7
12 1 5 0.21126684810339658 0.06584362139917696 2
12 1 6 0.5536976777970901 0.03292181069958848 2
12 1 7 0.5247957710851096 0.019509221155311694 2
12 1 8 0.3267095283287109 0.013006147436874463 2
12 1 9 0.6984471333085794 0.027777777777777787 2
12 1 10 0.8610534240545401 0.03292181069958848 2
12 1 11 0.0 0.024691358024691364 2
12 2 0 1.0 0.9999999999999999 2
12 2 1 0.9996957383914629 0.9999999999999999 3
12 2 2 0.2801592146332682 0.9999999999999999 2
12 2 3 0.010413847744545329 0.9999999999999999 2
12 2 4 0.0020340026870499664 0.9999999999999999 2
12 2 5 6.065867167701088E-19 8.861400462962961E-4 5
12 2 6 0.5065205118471092 0.03292181069958848 2
12 2 7 0.27452749745890614 0.029263831732967538 2
12 2 8 0.4688903317567198 0.03703703703703705 2
12 2 9 0.4784505657151772 0.009754610577655847 2
12 2 10 0.7173111599822753 0.01646090534979424 2
12 2 11 0.0 0.021947873799725653 2
12 3 0 1.0 0.003853673314629471 5
12 3 1 0.9983866914927126 0.9999999811205501 2
12 3 2 0.9995337754768548 0.9999999999999999 2
12 3 3 0.5513468013468014 0.9999999999999999 2
12 3 4 0.014194250596070218 0.9999999999999999 2
12 3 5 0.008889091846299272 0.9999999999999999 3
12 3 6 1.1516659477751882E-14 0.0011569253551760843 5
12 3 7 0.5648587139900116 0.04389574759945131 2
12 3 8 0.4791432116199744 0.014631915866483769 2
12 3 9 0.5302990395277752 0.04389574759945131 2
12 3 10 0.4796121275166988 0.029263831732967538 2
12 3 11 0.0 0.06584362139917696 2
12 4 0 1.0 0.09876543209876545 2
12 4 1 0.9986831275720165 0.0032921810699588485 2
12 4 2 0.9999996948589424 0.9999999999999999 3
12 4 3 0.990968557405679 0.9999999999999999 4
12 4 4 0.44702592175869826 0.9999999999999999 2
12 4 5 0.005614773459688714 0.9999999999999999 3
12 4 6 2.7339083677082665E-5 0.9999999999999999 3
12 4 7 1.7418947460099732E-8 0.0025083284342543605 4
12 4 8 0.6879044595601299 0.0740740740740741 2
12 4 9 0.14122112638738676 0.019509221155311694 2
12 4 10 0.39348924838559296 0.04938271604938273 2
12 4 11 0.0 0.09876543209876545 2
12 5 0 1.0 0.1481481481481482 2
12 5 1 0.5833493333354133 0.04389574759945131 2
12 5 2 0.9999999999999999 0.0018750000000000004 3
12 5 3 0.9968747476836975 0.9999999999999999 2
12 5 4 0.07937054582760208 0.9999999999999999 4
12 5 5 0.49673287409320876 0.9999999999999999 2
12 5 6 0.007967904164613255 0.9999999999999999 3
12 5 7 5.7334963453426234E-8 0.9999999999999999 3
12 5 8 6.500246291486506E-43 0.0016931216931216936 5
12 5 9 0.29635714573942395 0.1481481481481482 2
12 5 10 0.4493791707172067 0.029263831732967538 2
12 5 11 0.0 0.09876543209876545 2
12 6 0 1.0 0.1481481481481482 2
12 6 1 0.2546425244350867 0.019509221155311694 2
12 6 2 0.4632532967687845 0.06584362139917696 2
12 6 3 0.9999999999999999 0.0023116754850088187 7
12 6 4 0.9973462858133312 0.9999999999999932 3
12 6 5 0.9867632583546241 0.9999999765055735 2
12 6 6 0.5491768637872777 0.9999999999999999 4
12 6 7 4.144193366159598E-5 0.9999999999999999 3
12 6 8 2.0464250504272948E-4 0.9999999999999999 2
12 6 9 1.0636975697624888E-39 9.144947416552356E-4 8
12 6 10 0.36027209886684486 0.06584362139917696 2
12 6 11 0.0 0.09876543209876545 2
12 7 0 1.0 0.06584362139917696 2
12 7 1 0.7833656573173559 0.04389574759945131 2
12 7 2 0.5843977139003121 0.010973936899862827 2
12 7 3 0.6818366864312523 0.04938271604938273 2
12 7 4 0.9999999999999999 6.019988242210465E-4 6
12 7 5 0.9443963002099595 0.9999999999999999 3
12 7 6 0.9893752824731263 0.9999999999998928 3
12 7 7 0.4965888001291051 0.9999999999999999 2
12 7 8 0.013981431136313584 0.9999999999999999 2
12 7 9 9.750871849645433E-6 0.9999999999999999 2
12 7 10 6.961311569947175E-14 0.0032921810699588485 3
12 7 11 0.0 0.1481481481481482 2
12 8 0 1.0 0.16666666666666669 2
12 8 1 0.5988323138921128 0.021947873799725653 2
12 8 2 0.700941237150416 0.04389574759945131 2
12 8 3 0.2981979164540568 0.021947873799725653 2
12 8 4 0.5048115836765166 0.04938271604938273 2
12 8 5 0.9999999999999999 0.0016257684296093072 3
12 8 6 0.9999531944136831 0.9999940529732799 2
12 8 7 0.9863738289090099 0.9999999999999999 3
12 8 8 0.491637323943662 0.9999999999999999 2
12 8 9 3.570245459940187E-5 0.9999889054096854 2
12 8 10 1.570506116506448E-4 0.9999999999999999 3
12 8 11 0.0 0.005486968449931413 2
12 9 0 1.0 0.04938271604938273 2
12 9 1 0.5196724239680962 0.00823045267489712 2
12 9 2 0.3097200521433062 0.029263831732967538 2
12 9 3 0.5308957095499403 0.029263831732967538 2
12 9 4 0.6043832103746377 0.009754610577655847 2
12 9 5 0.5407470649449299 0.04389574759945131 2
12 9 6 0.9999999999999999 0.0011380379007265152 4
12 9 7 0.9827531272002411 0.9999999999999999 2
12 9 8 0.0017603823821581068 0.9999999999999999 3
12 9 9 0.5125527434160606 0.9999999999999999 2
12 9 10 0.9033341379962038 0.9999999999999999 2
12 9 11 0.0 0.9999999999999897 3
12 10 0 1.0 0.014631915866483769 2
12 10 1 0.5524526434926228 0.014631915866483769 2
12 10 2 0.6456382762769218 0.015607376924249353 2
12 10 3 0.22666064352965187 0.014631915866483769 2
12 10 4 0.7803642817019113 0.019509221155311694 2
12 10 5 0.30500092177262406 0.006503073718437231 2
12 10 6 0.4841464573527217 0.021947873799725653 2
12 10 7 0.9999999999999999 9.707212081165777E-4 9
12 10 8 0.9999999531821042 0.9999999999999999 2
12 10 9 0.9260269418376254 0.9999999999999999 2
12 10 10 0.5424425237872426 0.9999999999999999 2
12 10 11 0.0 0.9999999999999999 5
12 11 0 1.0 0.021947873799725653 2
12 11 1 0.8591356036185894 0.012345679012345682 2
12 11 2 0.5343122267506292 0.009754610577655847 2
12 11 3 0.3677802928174334 0.009754610577655847 2
12 11 4 0.33919590240695197 0.014631915866483769 2
12 11 5 0.42532628657162264 0.015607376924249353 2
12 11 6 0.5070769908575654 0.021947873799725653 2
12 11 7 0.49143145950656153 0.06584362139917696 2
12 11 8 0.9999999999999999 7.973761349532959E-4 13
12 11 9 0.998849176466069 0.9999999999999999 3
12 11 10 0.9901463179203599 0.9999999999999999 3
12 11 11 0.0 0.9999999999999999 3
13 0 0 1.0 0.9999999999999999 3
13 0 1 9.432302391268257E-4 0.9999577100322126 2
13 0 2 3.4145478662842054E-185 7.054673721340387E-4 17
13 0 3 0.46124615224833776 0.06584362139917696 2
13 0 4 0.5986921867383345 0.018518518518518524 2
13 0 5 0.6499440565391782 0.021947873799725653 2
13 0 6 0.6537607472328338 0.013006147436874463 2
13 0 7 0.46971511295063284 0.04389574759945131 2
13 0 8 0.30248828635227154 0.010973936899862827 2
13 0 9 0.7440208913188368 0.018518518518518524 2
13 0 10 0.45161647095083646 0.02469135802469136 2
13 0 11 0.0 0.04389574759945131 2
13 1 0 1.0 0.9999999999999999 2
13 1 1 0.33113438397988504 0.9999999999999999 2
13 1 2 0.006441392914152562 0.9999999999999999 2
13 1 3 6.04360621988149E-241 7.3828125E-4 7
13 1 4 0.6299100337355431 0.019509221155311694 2
13 1 5 0.1173256286111791 0.03292181069958848 2
13 1 6 0.4807094104563331 0.019509221155311694 2
13 1 7 0.4907075966282294 0.019509221155311694 2
13 1 8 0.5418299149636546 0.02341106538637403 2
13 1 9 0.44035161761984276 0.018518518518518524 2
13 1 10 0.5934986025225892 0.02341106538637403 2
13 1 11 0.0 0.019509221155311694 2
13 2 0 1.0 0.00823045267489712 2
13 2 1 0.9997202004761714 0.9999999999999999 3
13 2 2 0.6892266323110876 0.9999999999999999 2
13 2 3 1.0741006467226272E-4 0.9999999999999999 2
13 2 4 3.058188174658011E-144 6.096631611034904E-4 5
13 2 5 0.48917728262635923 0.04389574759945131 2
13 2 6 0.3356612598798433 0.03703703703703705 2
13 2 7 0.47379866858372816 0.021947873799725653 2
13 2 8 0.39226625235205503 0.014631915866483769 2
13 2 9 0.6635613830844916 0.013006147436874463 2
13 2 10 0.42506045792321556 0.020833333333333336 2
13 2 11 0.0 0.09876543209876545 2
13 3 0 1.0 0.09876543209876545 2
13 3 1 0.9999999999999999 0.0023148148148148156 5
13 3 2 0.9988153515682497 0.9999999999999999 2
13 3 3 0.4989146201387157 0.9999999999999999 2
13 3 4 0.008444192634601153 0.9999999999999999 2
13 3 5 3.798951202095367E-142 0.001080246913580247 6
13 3 6 0.7765686536380053 0.04389574759945131 2
13 3 7 0.9095167307682608 0.05267489711934158 2
13 3 8 0.4174040847074314 0.03292181069958848 2
13 3 9 0.10637781826382212 0.029263831732967538 2
13 3 10 0.7535231364341944 0.029263831732967538 2
13 3 11 0.0 0.029263831732967538 2
13 4 0 1.0 0.1481481481481482 2
13 4 1 0.771103346839323 0.09876543209876545 2
13 4 2 0.9999999999999999 9.248815955110725E-4 3
13 4 3 0.9937164138115134 0.9999999999999999 4
13 4 4 0.23969086093304243 0.9999999999999999 2
13 4 5 0.023324466205122824 0.9999999999999999 3
13 4 6 3.2751010413348105E-10 0.001203997648442093 5
13 4 7 0.547689566276146 0.04389574759945131 2
13 4 8 0.5751372467438356 0.021947873799725653 2
13 4 9 0.5741964121636143 0.04389574759945131 2
13 4 10 0.2429635163442423 0.03703703703703705 2
13 4 11 0.0 0.09876543209876545 2
13 5 0 1.0 0.1481481481481482 2
13 5 1 0.7074060197446664 0.04389574759945131 2
13 5 2 0.2609606736289367 0.04938271604938273 2
13 5 3 0.9999999999999999 0.0011428571428571434 3
13 5 4 0.9990432442780238 0.9999999999999999 4
13 5 5 0.6714979294588034 0.9999999999999999 2
13 5 6 0.003019259007623309 0.9999999999999999 3
13 5 7 4.295267158696871E-109 0.0018605443148910234 6
13 5 8 0.6387281731785904 0.09876543209876545 2
13 5 9 0.7563115833169065 0.04389574759945131 2
13 5 10 0.3546594236040823 0.06584362139917696 2
13 5 11 0.0 0.09876543209876545 2
13 6 0 1.0 0.11111111111111115 2
13 6 1 0.5434824877684394 0.029263831732967538 2
13 6 2 0.4604185935758359 0.03703703703703705 2
13 6 3 0.7191879230827706 0.06584362139917696 2
13 6 4 0.9999999999999999 0.0019596315892612187 8
13 6 5 0.9982785238753311 0.9999999765055735 2
13 6 6 0.6539013753806195 0.9999999999999999 4
13 6 7 0.0032579341963805 0.9999999999999999 3
13 6 8 7.8915361309095E-56 0.0034293552812071334 8
13 6 9 0.33531048672317365 0.029263831732967538 2
13 6 10 0.5154136941902462 0.04389574759945131 2
13 6 11 0.0 0.04389574759945131 2
13 7 0 1.0 0.04389574759945131 2
13 7 1 0.49825242816603554 0.04389574759945131 2
13 7 2 0.3621632436650709 0.019509221155311694 2
13 7 3 0.5200040048183712 0.021947873799725653 2
13 7 4 0.6516279229471074 0.04938271604938273 2
13 7 5 0.9999999999999999 0.001203997648442093 7
13 7 6 0.9978305048053284 0.9999999999997585 3
13 7 7 0.5648359665153709 0.9999999999999999 2
13 7 8 0.019167729462914528 0.9999999999999999 2
13 7 9 3.0897203135529776E-22 0.0014814814814814818 3
13 7 10 0.44042268934940065 0.06584362139917696 2
13 7 11 0.0 0.09876543209876545 2
13 8 0 1.0 0.04938271604938273 2
13 8 1 0.47116240590024117 0.015607376924249353 2
13 8 2 0.5914068525214412 0.01646090534979424 2
13 8 3 0.5268012653185967 0.02341106538637403 2
13 8 4 0.3458427031247575 0.029263831732967538 2
13 8 5 0.2880023447633199 0.03292181069958848 2
13 8 6 0.9999999999999999 6.019988242210467E-4 3
13 8 7 0.9985398261920423 0.9999999999999999 3
13 8 8 0.5023846561479683 0.9999999999999999 2
13 8 9 9.913224422429623E-6 0.9999889054096854 2
13 8 10 2.823106040629102E-35 0.0020833333333333337 3
13 8 11 0.0 0.1481481481481482 2
13 9 0 1.0 0.06584362139917696 2
13 9 1 0.6291008328628925 0.013006147436874463 2
13 9 2 0.4144934895013979 0.013006147436874463 2
13 9 3 0.44583940703134994 0.027777777777777783 2
13 9 4 0.509401135166626 0.04389574759945131 2
13 9 5 0.5897567665217395 0.029263831732967538 2
13 9 6 0.3017449475907482 0.013006147436874463 2
13 9 7 0.9999999999999999 0.0011388483965014576 4
13 9 8 0.9992950077999759 0.9999999999999999 3
13 9 9 0.4506419304445512 0.9999999999999999 2
13 9 10 1.1429584532526222E-4 0.9999999999999999 2
13 9 11 0.0 0.004335382478958155 3
13 10 0 1.0 0.014631915866483769 2
13 10 1 0.48923293804026413 0.019509221155311694 2
13 10 2 0.49162801328842287 0.00867076495791631 2
13 10 3 0.584327389348932 0.055555555555555566 2
13 10 4 0.5249783058345172 0.009754610577655847 2
13 10 5 0.47580550778413133 0.03292181069958848 2
13 10 6 0.5040001593756993 0.04389574759945131 2
13 10 7 0.3942952315329802 0.04389574759945131 2
13 10 8 0.9999999999999999 0.0014880952380952382 9
13 10 9 0.9181754693549566 0.9999999999999999 2
13 10 10 0.7249331367673484 0.9999999999999999 2
13 10 11 0.0 0.9999999999999999 5
13 11 0 1.0 0.019509221155311694 2
13 11 1 0.5482064712911067 0.009754610577655847 2
13 11 2 0.4444260818767115 0.005780509971944207 2
13 11 3 0.30457495106179033 0.009754610577655847 2
13 11 4 0.5727594724747886 0.019509221155311694 2
13 11 5 0.6040372510571368 0.017558299039780526 2
13 11 6 0.7372057596967708 0.021947873799725653 2
13 11 7 0.28607529342079363 0.019509221155311694 2
13 11 8 0.47916436510166815 0.06584362139917696 2
13 11 9 0.9999999999999999 0.001037037037037037 14
13 11 10 0.9216484232731078 0.9999999999999999 3
13 11 11 0.0 0.9999999999999999 3
14 0 0 1.0 0.9999999999999999 3
14 0 1 4.9E-324 7.369439930381112E-4 17
14 0 2 0.27455271130999914 0.06584362139917696 2
14 0 3 0.8231324805881816 0.04389574759945131 2
14 0 4 0.6882629203911469 0.04938271604938273 2
14 0 5 0.4257839800355455 0.019509221155311694 2
14 0 6 0.6588215932597914 0.029263831732967538 2
14 0 7 0.7836880854556023 0.009754610577655847 2
14 0 8 0.5936451125914997 0.009754610577655847 2
14 0 9 0.45424230495416906 0.009754610577655847 2
14 0 10 0.593650907229759 0.00867076495791631 2
14 0 11 0.0 0.019509221155311694 2
14 1 0 1.0 0.006503073718437231 2
14 1 1 0.5 0.9999999999999999 2
14 1 2 4.9E-324 0.0010066738454542288 7
14 1 3 0.6385489104881884 0.04389574759945131 2
14 1 4 0.40562080986109117 0.009754610577655847 2
14 1 5 0.3638735975477273 0.03292181069958848 2
14 1 6 0.7579397487538259 0.03703703703703705 2
14 1 7 0.5227827557743941 0.019509221155311694 2
14 1 8 0.4832157254254775 0.013006147436874463 2
14 1 9 0.3963114845655259 0.009754610577655847 2
14 1 10 0.689061140796357 0.014631915866483769 2
14 1 11 0.0 0.0740740740740741 2
14 2 0 1.0 0.1481481481481482 2
14 2 1 0.9999999999999999 0.0012541642171271805 3
14 2 2 0.5 0.9999999999999999 2
14 2 3 4.9E-324 7.0530612244898E-4 5
14 2 4 0.5139756812431325 0.09876543209876545 2
14 2 5 0.45484828901450824 0.03703703703703705 2
14 2 6 0.4791766760419053 0.03333333333333334 2
14 2 7 0.37529880103149593 0.03292181069958848 2
14 2 8 0.7488085325973441 0.019509221155311694 2
14 2 9 0.30313567912451667 0.02809327846364884 2
14 2 10 0.49345145003074387 0.021947873799725653 2
14 2 11 0.0 0.0073159579332418845 2
14 3 0 1.0 0.33333333333333337 2
14 3 1 0.5759260568058278 0.09876543209876545 2
14 3 2 0.9999999999999999 0.0014814814814814818 5
14 3 3 0.5 0.9999999999999999 2
14 3 4 4.9E-324 4.939400610792166E-4 6
14 3 5 0.580522565603948 0.09876543209876545 2
14 3 6 0.45795573465337536 0.03292181069958848 2
14 3 7 0.6427706269893829 0.06584362139917696 2
14 3 8 0.6011771792792807 0.019509221155311694 2
14 3 9 0.6032674672344579 0.03292181069958848 2
14 3 10 0.6453616795285995 0.014631915866483769 2
14 3 11 0.0 0.06584362139917696 2
14 4 0 1.0 0.09876543209876545 2
14 4 1 0.8332332377808206 0.04389574759945131 2
14 4 2 0.4107955545464173 0.09876543209876545 2
14 4 3 0.9999999999999999 0.0015925894820662603 5
14 4 4 0.5 0.9999999999999999 2
14 4 5 4.9E-324 0.0012817382812499998 6
14 4 6 0.6758220978486102 0.024691358024691364 2
14 4 7 0.29060852462357756 0.029263831732967538 2
14 4 8 0.18522676864601917 0.04389574759945131 2
14 4 9 0.3678426976986898 0.04389574759945131 2
14 4 10 0.17458689342494726 0.013006147436874463 2
14 4 11 0.0 0.00867076495791631 2
14 5 0 1.0 0.06584362139917696 2
14 5 1 0.32649868571309437 0.11111111111111113 2
14 5 2 0.3251621982061288 0.03292181069958848 2
14 5 3 0.7103611448221578 0.06584362139917696 2
14 5 4 0.9999999999999999 0.0015238095238095232 5
14 5 5 0.5 0.9999999999999999 2
14 5 6 4.9E-324 5.925925925925925E-4 7
14 5 7 0.5197226454393372 0.04389574759945131 2
14 5 8 0.3795788483895811 0.09876543209876545 2
14 5 9 0.31651358489715964 0.05267489711934158 2
14 5 10 0.6329887977323112 0.029263831732967538 2
14 5 11 0.0 0.09876543209876545 2
14 6 0 1.0 0.09876543209876545 2
14 6 1 0.7553525330241627 0.04389574759945131 2
14 6 2 0.5429011661230264 0.06584362139917696 2
14 6 3 0.2842892045797111 0.03292181069958848 2
14 6 4 0.452931060382069 0.06584362139917696 2
14 6 5 0.9999999999999999 0.001291749338624339 8
14 6 6 0.5 0.9999999999999999 4
14 6 7 4.9E-324 6.805555555555554E-4 9
14 6 8 0.17285281988657802 0.11111111111111113 2
14 6 9 0.6587397156513956 0.04389574759945131 2
14 6 10 0.5689147078190419 0.06584362139917696 2
14 6 11 0.0 0.06584362139917696 2
14 7 0 1.0 0.019509221155311694 2
14 7 1 0.31934244464959316 0.06584362139917696 2
14 7 2 0.46310363117263864 0.029263831732967538 2
14 7 3 0.5163128529986561 0.029263831732967538 2
14 7 4 0.33531740514435227 0.04389574759945131 2
14 7 5 0.31049839045766336 0.04389574759945131 2
14 7 6 0.9999999999999999 0.0014746198908020935 8
14 7 7 0.5 0.9999999999999999 2
14 7 8 4.9E-324 7.199999999999999E-4 3
14 7 9 0.5345662678172358 0.06584362139917696 2
14 7 10 0.5173930405251026 0.09876543209876545 2
14 7 11 0.0 0.09876543209876545 2
14 8 0 1.0 0.04389574759945131 2
14 8 1 0.20583582308066667 0.021947873799725653 2
14 8 2 0.5063383214886268 0.04389574759945131 2
14 8 3 0.6413671677666252 0.009754610577655847 2
14 8 4 0.6046863525504332 0.03292181069958848 2
14 8 5 0.614779576954833 0.03292181069958848 2
14 8 6 0.7937300507770021 0.03703703703703705 2
14 8 7 0.9999999999999999 7.315957933241887E-4 4
14 8 8 0.5 0.9999999999999999 2
14 8 9 4.9E-324 0.0011111111111111113 3
14 8 10 0.6908047079067642 0.09876543209876545 2
14 8 11 0.0 0.1481481481481482 2
14 9 0 1.0 0.04389574759945131 2
14 9 1 0.6190387873948487 0.029263831732967538 2
14 9 2 0.5650587051206039 0.010973936899862827 2
14 9 3 0.1918626004413309 0.019509221155311694 2
14 9 4 0.44442935652505766 0.014631915866483769 2
14 9 5 0.1561107985161419 0.029263831732967538 2
14 9 6 0.648605648226707 0.021947873799725653 2
14 9 7 0.8096135575659519 0.0740740740740741 2
14 9 8 0.9999999999999999 7.62939453125E-4 5
14 9 9 0.5 0.9999999999999999 2
14 9 10 3.8794792589866535E-245 0.005333333333333336 3
14 9 11 0.0 0.1481481481481482 2
14 10 0 1.0 0.014631915866483769 2
14 10 1 0.34873747994333015 0.021947873799725653 2
14 10 2 0.6021604713529428 0.011705532693187016 2
14 10 3 0.6065804114541388 0.010973936899862827 2
14 10 4 0.43664146116422653 0.009754610577655847 2
14 10 5 0.5938633871553497 0.010973936899862827 2
14 10 6 0.3344815799605615 0.014631915866483769 2
14 10 7 0.6092367241942932 0.029263831732967538 2
14 10 8 0.5550233387313279 0.07901234567901236 2
14 10 9 0.9999999999999999 8.66789858933518E-4 9
14 10 10 0.5 0.9999999999999999 2
14 10 11 0.0 0.007803688462124677 5
14 11 0 1.0 0.014631915866483769 2
14 11 1 0.562326739881935 0.013006147436874463 2
14 11 2 0.42452367530171564 0.01463191586648377 2
14 11 3 0.43371283522420756 0.010973936899862827 2
14 11 4 0.3830992292751453 0.017558299039780526 2
14 11 5 0.7115457660493244 0.024691358024691364 2
14 11 6 0.47217689479823854 0.021947873799725653 2
14 11 7 0.478287021315846 0.029263831732967538 2
14 11 8 0.6342173291547426 0.029263831732967538 2
14 11 9 0.6486608706237739 0.11111111111111113 2
14 11 10 0.9999999999999999 5.041476444852611E-4 15
14 11 11 0.0 0.9999999999999999 3
